138 8
103 5
126 6
253 4
33 5
41 4
214 7
97 3
27 7
227 3
79 6
76 6
233 7
182 6
45 5
35 4
310 6
236 5
341 6
98 5
304 5
320 4
13 5
157 4
60 8
327 4
319 7
96 2
164 5
128 3
179 6
278 3
328 6
300 4
346 6
163 5
282 7
92 6
17 7
287 4
15 7
132 6
218 6
259 7
88 4
306 5
120 5
67 4
4 4
31 6
301 5
277 6
299 5
283 3
136 2
254 7
146 6
279 6
89 2
232 4
1 4
139 7
284 6
245 4
36 3
180 2
49 6
140 5
194 4
197 3
58 7
173 6
193 3
325 7
166 3
344 5
206 3
148 6
167 5
340 4
34 3
124 6
90 4
208 4
243 3
211 4
169 4
294 7
29 4
281 6
81 5
219 4
48 4
16 4
151 7
309 6
333 6
8 4
213 4
20 3
101 5
150 5
268 3
118 7
104 5
137 7
100 3
43 3
19 7
198 5
131 6
147 4
296 6
291 6
116 2
75 6
99 7
200 3
305 6
133 6
257 5
330 6
28 6
331 5
335 6
152 4
326 5
74 6
25 5
258 5
266 7
317 4
62 7
274 6
11 5
70 2
54 6
249 5
122 7
110 3
272 6
165 3
221 7
94 4
121 5
117 6
290 5
64 4
255 3
302 6
315 6
285 5
83 6
113 3
201 4
183 4
204 8
125 6
144 6
298 5
314 7
10 3
316 5
143 5
252 6
141 5
72 5
313 7
237 7
293 3
209 7
3 4
202 3
5 5
6 5
50 4
108 5
68 4
106 3
82 5
115 3
216 7
275 8
69 6
114 6
203 3
170 8
199 6
184 6
134 5
276 5
9 7
207 2
246 7
59 5
14 4
12 6
229 5
80 5
271 6
248 5
123 3
224 4
158 6
241 5
168 7
269 5
297 3
348 7
251 4
53 3
324 5
289 5
311 8
215 4
175 4
105 6
273 8
322 4
174 4
172 5
292 3
153 5
342 4
192 3
57 5
37 3
244 5
61 6
247 4
71 7
339 6
205 4
135 7
51 4
130 7
223 6
239 7
177 5
46 4
178 2
186 4
23 3
196 8
44 7
220 3
188 3
222 4
225 5
102 6
329 5
337 3
159 8
231 6
280 6
7 6
261 4
77 6
238 3
270 7
95 5
181 4
312 6
109 4
234 4
22 5
55 4
230 2
242 6
189 4
155 3
142 3
349 5
24 6
235 6
295 5
162 4
93 5
111 6
127 5
112 3
85 6
145 4
84 4
171 2
185 4
2 7
286 5
262 7
160 6
323 5
191 3
187 4
21 6
288 6
250 4
78 6
345 4
338 3
129 4
161 3
86 7
256 7
226 5
190 5
212 4
347 6
332 2
73 7
210 5
336 7
107 6
240 3
42 5
63 5
30 7
265 7
176 7
47 6
321 3
154 1
195 4
65 4
260 5
307 6
119 5
267 5
156 6
18 5
87 4
0 6
40 6
263 5
56 6
39 7
343 7
66 4
91 6
318 6
308 4
38 7
149 5
26 7
32 0
228 6
264 1
217 5
52 2
334 8
303 4
