0 22.8821822695 
1 15.720338725 
2 24.5647925135 
3 24.3985431977 
4 21.3422299902 
5 25.0541271859 
6 22.0612465635 
7 16.4182526147 
8 15.8163385993 
9 23.0767793938 
10 22.3234845403 
11 18.348048847 
12 17.6419491967 
13 27.6877684329 
14 25.9456479005 
15 19.5202416816 
16 19.3092501325 
17 16.3685925878 
18 23.9246000767 
19 26.9233829092 
20 18.5821345082 
21 17.8097138944 
22 25.104100864 
23 24.5408716469 
24 26.1248075529 
25 25.2073898233 
26 29.5001733046 
27 12.4590883101 
28 19.339033508 
29 23.9032647652 
30 20.4254067685 
31 23.0556429424 
32 20.443475568 
33 26.2930587519 
34 16.5833611974 
35 24.2845609617 
36 23.1998570722 
37 30.3759901901 
38 19.1437059717 
39 29.4379631901 
40 26.6878660618 
41 19.9279117585 
42 19.6960258065 
43 20.1605049736 
44 23.4937805669 
45 24.0383381952 
46 22.2316070639 
47 29.4700882343 
48 21.0833505989 
49 21.3084995254 
50 20.0901020958 
51 26.1183622971 
52 22.0765469309 
53 24.3391781934 
54 24.9505665862 
55 25.5148476638 
56 29.5801716428 
57 22.1924535896 
58 22.3557342642 
59 18.1965989322 
60 23.8266098091 
61 32.5657035415 
62 19.7011447935 
63 0.065062646853 
64 23.5081454233 
65 16.2629475312 
66 13.5230491392 
67 21.1681934736 
68 19.4680169367 
69 26.6562983679 
70 27.5159211314 
71 22.2602156051 
72 21.7865763119 
73 20.9145533258 
74 27.2445609842 
75 27.4953077423 
76 19.1074585078 
77 26.5126830269 
78 22.9032394694 
79 19.3549068593 
80 17.78199334 
81 27.5419034296 
82 24.2862737162 
83 26.1683290988 
84 18.3518026689 
85 25.7696637985 
86 25.6247956471 
87 25.1192340417 
88 21.9311208544 
89 23.503338267 
90 26.2671563725 
91 25.2565490375 
92 20.6330310536 
93 22.8600752927 
94 24.7681042245 
95 23.7337066176 
96 24.6596167515 
97 21.698211829 
98 22.145741707 
99 23.7971178388 
100 13.1524646878 
101 18.2569391092 
102 22.3157991062 
103 23.3884145226 
104 14.8094840841 
105 15.0527864366 
106 23.435302567 
107 25.0846893443 
108 25.6095341466 
109 27.0606521493 
110 16.8623403159 
111 21.3185478424 
112 24.3951675809 
113 27.1774722455 
114 30.0501936795 
115 23.1216858218 
116 33.3977455197 
117 -2.21293818339 
118 24.9112434628 
119 22.1646298449 
120 25.4385772241 
121 21.0193502962 
122 25.6309809222 
123 26.9389740745 
124 13.5963624519 
125 23.1395563669 
126 21.4547387857 
127 20.111773179 
128 23.3257460844 
129 24.9008716543 
130 20.7084436178 
131 27.1481731745 
132 22.6694714926 
133 22.2333491869 
134 21.5835803517 
135 19.9311829575 
136 24.2263776744 
137 21.6287107822 
138 24.5419259914 
139 23.8832268871 
140 20.1211703577 
141 11.540611609 
142 18.8036248802 
143 27.3077039469 
144 25.2350084663 
145 19.299883837 
146 18.3805227355 
147 19.1231725389 
148 23.8456661455 
149 23.5115812787 
150 18.9824369682 
151 14.9657632631 
152 17.1655827698 
153 13.7780878393 
154 21.8868603127 
155 15.7565942944 
156 15.8595658424 
157 16.2401733555 
158 29.5856540882 
159 21.100882218 
160 27.7383459988 
161 25.3292523318 
162 24.9737857519 
163 17.3350501435 
164 22.8674588268 
165 21.6791207943 
166 20.4997563388 
167 18.1464238389 
168 23.173507292 
169 23.7485381303 
170 24.941866058 
171 22.7398930289 
172 23.2635819501 
173 26.4587453333 
174 24.1921752446 
175 26.0514589834 
176 21.7342352499 
177 21.5653914019 
178 23.8958665429 
179 22.9309745344 
180 25.6100014396 
181 19.9240293554 
182 23.8440304923 
183 25.0379893562 
184 21.4125086956 
185 24.7886520885 
186 18.7035961156 
187 20.8661826531 
188 27.6438421129 
189 21.5654487108 
190 26.5166634699 
191 24.3952098955 
192 25.8658423265 
193 22.3880268985 
194 23.8409765134 
195 26.7344340029 
196 24.7910604556 
197 18.0883149169 
198 24.8817139804 
199 25.4559314943 
200 19.2319634561 
201 27.10800925 
202 25.4092083987 
203 14.4486988965 
204 23.7025042798 
205 26.3677181286 
206 19.0430099779 
207 22.4516352766 
208 17.520682806 
209 20.0838193865 
210 19.1558610382 
211 25.1443955329 
212 26.1771290393 
213 21.0953814505 
214 27.1702638789 
215 21.5222909162 
216 22.263877398 
217 22.4910358127 
218 21.68262125 
219 20.6330730061 
220 16.0216544461 
221 21.4546390935 
222 30.7081771578 
223 20.2020388046 
224 21.820206191 
225 27.6405942401 
226 15.1395388288 
227 27.2442757433 
228 18.9229636078 
229 26.7538587756 
230 16.9052826043 
231 14.9390167728 
232 22.45295002 
233 21.961555446 
234 29.6601520681 
235 22.0766607894 
236 21.6521917854 
237 19.3411774864 
238 23.1849032938 
239 20.521379761 
240 28.5939939429 
241 15.8857583307 
242 24.3548367677 
243 24.0204019972 
244 21.9672757479 
245 21.0384449978 
246 21.1485288485 
247 20.0904239052 
248 26.9231510775 
249 21.5541664071 
250 20.6732543291 
251 26.9825552599 
252 22.4015495063 
253 20.7124414956 
254 21.2076361269 
255 27.1234138297 
256 25.6884383607 
257 26.4032429677 
258 20.8187067449 
259 18.4601325828 
260 21.8598333807 
261 29.8905494896 
262 23.5635560819 
263 32.2385468607 
264 23.7416693823 
265 27.5601020232 
266 25.4977539466 
267 21.8769135786 
268 25.005010075 
269 20.8116092418 
270 22.6597802264 
271 19.5606952903 
272 17.2805803604 
273 23.1408716325 
274 20.4022339163 
275 26.4233240744 
276 24.1233820664 
277 23.9810148508 
278 24.7982830227 
279 25.4290416928 
280 21.7423419635 
281 27.6426548329 
282 21.3657601666 
283 16.9221366427 
284 19.176889502 
285 13.5630188286 
286 27.6401937183 
287 22.880159719 
288 23.2026057478 
289 19.1026542971 
290 25.831934102 
291 21.5030507365 
292 18.1048551694 
293 18.9970438433 
294 19.8687948453 
295 26.3080764444 
296 37.9565624031 
297 20.1176366935 
298 21.45643917 
299 28.5051300092 
300 20.700016194 
301 35.4489737539 
302 23.5459181 
303 14.0232193946 
304 24.2135825526 
305 25.0130781074 
306 23.9730124851 
307 26.1700209957 
308 28.1224375552 
309 22.0267956346 
310 13.856769887 
311 17.5377026177 
312 22.3308035449 
313 21.174208565 
314 23.2024503293 
315 21.4157005775 
316 23.2913007734 
317 22.0372913256 
318 17.441179185 
319 23.1838186939 
320 18.092951703 
321 26.5307621621 
322 26.9712789608 
323 26.9114759544 
324 20.0883765811 
325 26.1646887627 
326 27.2136185432 
327 27.7660011614 
328 12.8013256877 
329 24.7598696653 
330 21.9620971619 
331 20.0779081827 
332 16.7894707687 
333 21.3967215804 
334 21.5926738809 
335 14.0716400062 
336 23.9223023876 
337 23.710137015 
338 29.3500888144 
339 22.3983082626 
340 20.8137266407 
341 25.8706211526 
342 25.869342135 
343 23.9835967521 
344 29.9327125403 
345 20.3213861017 
346 25.5547097931 
347 15.843594091 
348 21.3694876381 
349 33.5521246073 
350 17.6409274591 
351 28.100485976 
352 23.9170727119 
353 20.7162677125 
354 23.9000692212 
355 27.2823049447 
356 19.3234218797 
357 22.0027481105 
358 24.0759565179 
359 19.6788597478 
360 19.1260142814 
361 17.8174405546 
362 23.0886687841 
363 19.8905176698 
364 29.7917907032 
365 19.3832106113 
366 18.7550395132 
367 17.0904365028 
368 20.2562317052 
369 19.349308222 
370 25.8315510057 
371 22.9397545374 
372 21.8395417328 
373 23.2939377464 
374 25.6935513172 
375 19.513307491 
376 20.0446477197 
377 16.313926255 
378 25.0027280265 
379 24.096436819 
380 18.1545567769 
381 21.8219672876 
382 24.6766309721 
383 24.5116188136 
384 34.7022791238 
385 26.1782066859 
386 23.9701923276 
387 21.2088546839 
388 25.6901043627 
389 26.1514898933 
390 23.8175760636 
391 23.4539858435 
392 15.1581302259 
393 17.8830484857 
394 36.2444920516 
395 19.1804880419 
396 24.0830980066 
397 16.4695642115 
398 26.5568670269 
399 27.751677346 
400 23.9336839693 
401 22.1342869371 
402 27.2464139703 
403 17.0519399618 
404 23.6120593131 
405 23.3565323999 
406 24.7271357202 
407 21.7101408309 
408 22.7867257083 
409 23.1650147115 
410 23.8163478451 
411 15.2483592777 
412 22.1940120901 
413 22.8118263158 
414 22.2226762267 
415 20.556234983 
416 23.5979520478 
417 25.7366600758 
418 19.2298005517 
419 22.9462936172 
420 21.9995852914 
421 28.3438577063 
422 17.7028385059 
423 12.5377624592 
424 26.3760022019 
425 25.614745189 
426 15.7283999264 
427 22.1261509701 
428 20.4836686902 
429 19.3958758117 
430 27.4249629149 
431 26.2961305956 
432 11.8738466345 
433 24.6239217078 
434 20.0893886855 
435 28.2804916797 
436 22.04285006 
437 18.1529556407 
438 23.2887805268 
439 17.5456515752 
440 16.5633868776 
441 26.6903356524 
442 21.144010286 
443 25.0753410532 
444 31.8750296235 
445 18.3730092488 
446 22.1609482162 
447 24.9264059752 
448 26.8687789365 
449 22.8212986981 
450 21.946790509 
451 21.0189235153 
452 20.6607971524 
453 21.3435088642 
454 19.8196050635 
455 18.5749857497 
456 26.1829699595 
457 30.0638184274 
458 24.7372144426 
459 28.6376649303 
460 24.775003725 
461 21.4491164637 
462 19.6579165456 
463 31.4837828312 
464 21.2466804729 
465 20.9899317431 
466 35.8077059012 
467 19.8273628326 
468 21.1003287439 
469 21.4651430982 
470 22.4947811548 
471 23.4306285613 
472 20.7781137509 
473 20.271255896 
474 23.0436529426 
475 20.7919818407 
476 17.0570517442 
477 23.580845491 
478 23.6780065391 
479 20.1010174474 
480 22.4595820784 
481 21.6952820737 
482 13.3164879469 
483 26.0701755417 
484 28.5111427352 
485 25.9851239716 
486 22.1040753504 
487 23.9930547294 
488 24.3612554047 
489 21.2391390185 
490 28.2701827648 
491 16.4103273111 
492 21.6940095408 
493 22.9546692862 
494 18.0800759432 
495 22.5997818718 
496 24.5734877583 
497 26.1870581489 
498 25.4464070454 
499 26.704726048 
500 23.7557619474 
501 18.5598820287 
502 24.7282005483 
503 26.0531635596 
504 20.9289047032 
505 21.6912885089 
506 25.9900616778 
507 18.9129993457 
508 29.4974957236 
509 27.5136334846 
510 26.3826092546 
511 27.6847082384 
512 26.864698689 
513 27.0539767705 
514 24.1004281344 
515 23.6453102223 
516 20.370125506 
517 26.2868065998 
518 23.3574245485 
519 23.8109406046 
520 22.5397377539 
521 26.4406805571 
522 23.0647093131 
523 23.2111912218 
524 21.8152354896 
525 20.2722472607 
526 22.6811427881 
527 19.298712974 
528 16.2731043791 
529 24.9379811093 
530 23.5289519022 
531 16.1254672073 
532 31.2960408572 
533 22.942880669 
534 16.6277847533 
535 17.9747562979 
536 21.473502662 
537 24.0141855605 
538 27.2113459985 
539 25.9104438439 
540 22.6169443214 
541 24.4029531424 
542 19.6589109755 
543 23.6288837466 
544 22.5194619157 
545 25.9105512038 
546 13.0232945694 
547 26.3419826473 
548 22.1237247052 
549 24.9513178315 
550 23.2474429876 
551 23.6867984794 
552 12.9386477582 
553 11.558967055 
554 14.7209099194 
555 32.8434270158 
556 26.6208449001 
557 21.0877908479 
558 15.5777076941 
559 19.4086588811 
560 16.8813133505 
561 21.0523689667 
562 26.688280385 
563 21.1879053105 
564 24.0025472699 
565 18.6103366475 
566 19.0183131755 
567 23.7429647257 
568 20.2298274945 
569 21.2026037127 
570 21.868788754 
571 22.070692353 
572 27.6475026912 
573 24.2028941135 
574 25.0018989873 
575 19.3044550886 
576 23.289825235 
577 26.5769918345 
578 23.3580774047 
579 17.8695715699 
580 23.5259289577 
581 26.7271965743 
582 16.8886873736 
583 19.3761309422 
584 28.8241011933 
585 16.8356244311 
586 22.6525197923 
587 19.399388979 
588 25.4976068665 
589 17.5751498973 
590 23.1047501889 
591 20.2749091346 
592 22.1500914029 
593 22.3689393227 
594 23.0357790061 
595 23.494803507 
596 22.7764547503 
597 22.2622228057 
598 19.838584968 
599 19.4928300966 
600 21.8395078979 
601 23.7368858144 
602 20.9494195829 
603 19.266981918 
604 19.9827990849 
605 20.2592003732 
606 25.8969034771 
607 26.4648873281 
608 22.0290251056 
609 21.9913025841 
610 23.4246316413 
611 22.7293545599 
612 16.9021467226 
613 31.9516568979 
614 19.5135862002 
615 14.71222007 
616 19.8141320527 
617 22.417575502 
618 16.3999405661 
619 21.707475927 
620 23.1121291846 
621 18.6517176817 
622 19.332497395 
623 22.0047293798 
624 37.6697064149 
625 21.1014264055 
626 17.7388841561 
627 22.499453659 
628 20.2628901462 
629 22.5321829684 
630 18.36179647 
631 24.377635147 
632 21.5083912623 
633 22.3156008087 
634 21.7977846815 
635 21.3104436769 
636 25.8672978588 
637 22.6756151835 
638 11.4994129085 
639 18.7168225989 
640 24.8457493257 
641 19.9272465852 
642 20.917142099 
643 22.0447362402 
644 22.3720714295 
645 24.6759641827 
646 22.287337974 
647 26.1999700398 
648 22.3424998069 
649 16.6434853577 
650 23.3463230956 
651 23.3859210642 
652 13.4359776969 
653 22.4869541028 
654 21.6602281188 
655 25.4496738623 
656 29.5759104366 
657 29.1008051911 
658 27.1235547329 
659 25.0940422448 
660 19.0518953106 
661 25.6881691546 
662 16.590999804 
663 17.8002046604 
664 28.4483393821 
665 21.5693316186 
666 19.9968741597 
667 17.7056906952 
668 20.6390682105 
669 22.5815292444 
670 19.3420948546 
671 20.1335321161 
672 25.3119444777 
673 30.1007164872 
674 25.6013006668 
675 18.5432654909 
676 22.0480730757 
677 16.3506659991 
678 12.6167077631 
679 22.4584050575 
680 22.3782251368 
681 23.3240779646 
682 22.8876666162 
683 21.9308975539 
684 19.4779747061 
685 19.653643061 
686 25.2767387847 
687 24.5983377498 
688 18.3364791798 
689 19.5236003324 
690 21.9534272526 
691 15.4901442793 
692 21.8084025502 
693 26.3198685167 
694 17.0096347384 
695 24.1899601573 
696 13.0177476935 
697 25.9184235644 
698 25.2443579407 
699 23.3224905873 
700 22.1330936296 
701 25.9238911344 
702 23.5698005169 
703 21.5285037344 
704 21.5436736735 
705 23.2467965287 
706 29.0527937774 
707 19.6474412147 
708 24.4399282755 
709 27.4462227421 
710 22.8722746638 
711 21.4171748253 
712 23.7782579888 
713 29.6212348166 
714 25.0292778125 
715 20.3649117973 
716 21.3525910211 
717 16.7686860332 
718 29.316279618 
719 23.0358876557 
720 26.7221243303 
721 21.6946973304 
722 22.3618396211 
723 24.2292218159 
724 29.5664286913 
725 24.3656492711 
726 24.5358871735 
727 18.5373022866 
728 24.4255479027 
729 21.9407359891 
730 26.7132250223 
731 27.3573469179 
732 18.0727093045 
733 22.1369350404 
734 25.9622047846 
735 20.4768931621 
736 22.9070484437 
737 19.9975727281 
738 22.3017262785 
739 18.2343610103 
740 24.3345650796 
741 17.3542589798 
742 23.4603799321 
743 22.3227436907 
744 30.1443901065 
745 14.250263464 
746 25.8078787412 
747 21.2327884819 
748 24.6612086495 
749 18.9717252968 
750 17.5882301034 
751 23.489141049 
752 20.8498745666 
753 23.1703121603 
754 24.0092160746 
755 24.9108489135 
756 25.300011563 
757 20.6222826634 
758 25.0923488668 
759 28.73259935 
760 22.8937926294 
761 24.8516575364 
762 21.3659233513 
763 23.9679948706 
764 28.9203037282 
765 20.4727414363 
766 17.9212531378 
767 26.1352931784 
768 26.2752168413 
769 14.3103413028 
770 22.9158515578 
771 23.5925912119 
772 22.0123493775 
773 26.5077815765 
774 26.2410578483 
775 27.5677848781 
776 19.3307434274 
777 20.5053396242 
778 22.9262771702 
779 16.1776176777 
780 24.5501304808 
781 27.6668024307 
782 23.3174029343 
783 27.222532926 
784 26.1963607725 
785 17.4685889875 
786 21.7426093204 
787 21.4512125125 
788 25.8953997309 
789 22.7884586276 
790 24.18860599 
791 18.0669829871 
792 21.4748092895 
793 17.084280887 
794 19.9034218949 
795 15.7841201462 
796 21.9786554606 
797 13.6946204044 
798 20.637247963 
799 12.7322548409 
800 22.9110361178 
801 22.1116782629 
802 29.3968437354 
803 16.7071567343 
804 20.4632945221 
805 24.6130178269 
806 11.3963669125 
807 23.4643199019 
808 21.1783603617 
809 21.2237583372 
810 18.5968324041 
811 16.0090367374 
812 20.5442683841 
813 21.367957427 
814 22.4797207401 
815 18.624349419 
816 29.6033956462 
817 25.1046861433 
818 21.1724675978 
819 27.3621502258 
820 23.3336648405 
821 22.4270849104 
822 18.6297244005 
823 23.9130491401 
824 27.4445044322 
825 23.787845363 
826 24.541788725 
827 22.2517793007 
828 18.5104894016 
829 14.9310510365 
830 20.0699625365 
831 24.4605070533 
832 24.0575200298 
833 21.3293861494 
834 19.8600445385 
835 27.3397991724 
836 24.7523566837 
837 20.5025501008 
838 27.5158009346 
839 20.5603869793 
840 25.6414432812 
841 24.3039961857 
842 23.6659409163 
843 19.1351077623 
844 23.3028370887 
845 22.322587067 
846 15.6998867295 
847 21.2284887178 
848 20.2408863916 
849 22.1886336333 
850 17.9315049828 
851 28.3351475092 
852 22.3852543003 
853 24.8097752901 
854 1.58708367631 
855 26.4006456097 
856 26.7618912828 
857 22.7860655321 
858 24.5967121061 
859 29.8519473976 
860 14.44690544 
861 25.2387117303 
862 27.0440027944 
863 21.7229676857 
864 21.3352331567 
865 16.1253183161 
866 1.10024009502 
867 19.434193131 
868 25.5635805408 
869 26.1925777698 
870 22.4381679644 
871 24.3892063682 
872 20.852133591 
873 22.6674425996 
874 16.9728501781 
875 25.906379379 
876 24.5076869834 
877 23.2078515927 
878 20.4433719711 
879 18.5118935653 
880 21.4019264187 
881 22.7026956833 
882 20.4310774434 
883 18.2830390133 
884 24.9755602517 
885 23.6741362739 
886 17.8569291059 
887 25.9626728803 
888 22.2696477613 
889 20.8083018607 
890 23.3293638402 
891 26.4492407982 
892 21.8819163953 
893 28.1370395567 
894 26.0861184791 
895 16.0526429321 
896 24.2972725913 
897 23.8665117011 
898 22.0258772114 
899 29.0010858509 
900 23.3565910624 
901 22.6883173249 
902 25.3727838015 
903 21.2904362187 
904 21.5436181999 
905 21.6120330763 
906 13.5657462712 
907 24.9771743743 
908 26.1315892388 
909 22.7088858825 
910 26.4418453004 
911 26.6206669407 
912 25.3175870803 
913 22.11707997 
914 21.5590789084 
915 25.0033167443 
916 24.7658850062 
917 24.1630434293 
918 22.0573591078 
919 22.2398066922 
920 21.4983431812 
921 20.3652800546 
922 23.014534808 
923 17.3273834449 
924 24.0680063059 
925 13.9114842149 
926 22.8238398133 
927 21.3732483486 
928 19.8339617009 
929 24.0467993871 
930 26.9854247722 
931 17.3149973456 
932 24.146110272 
933 24.4969712557 
934 24.824675632 
935 23.3159843797 
936 19.1452559355 
937 27.3758344105 
938 15.8498300368 
939 18.1476446742 
940 23.3140732435 
941 28.2835504103 
942 25.5143998355 
943 25.9227767622 
944 18.8800643629 
945 23.6359131025 
946 24.7038520216 
947 27.3546243276 
948 14.8733575302 
949 21.1352718719 
950 18.0144157141 
951 22.0589790605 
952 21.9959702495 
953 18.6385181697 
954 20.2234012507 
955 19.4712612304 
956 26.0387815424 
957 25.193715802 
958 38.4118942169 
959 20.8484589776 
960 24.2709184017 
961 15.3419084062 
962 25.1576050104 
963 26.3915451717 
964 23.4538022899 
965 16.2377821454 
966 17.9139858141 
967 24.4331596833 
968 23.7088884397 
969 22.4598505718 
970 29.8808252205 
971 18.852623558 
972 14.3079734387 
973 24.2898333023 
974 28.0755883845 
975 21.4852620272 
976 21.9982095798 
977 23.0779164141 
978 27.5217725949 
979 24.8814606347 
980 24.648617157 
981 25.3421234205 
982 28.3436273433 
983 19.6829102476 
984 12.4367174204 
985 25.2537891424 
986 21.2950331847 
987 25.4459381738 
988 20.7388551853 
989 20.1075516416 
990 21.8050171897 
991 20.7692830136 
992 14.1845444122 
993 24.7960113505 
994 17.7847622019 
995 20.7822811725 
996 20.4358753377 
997 28.0955008771 
998 23.5641817596 
999 20.3054634487 
1000 18.3529702044 
1001 27.9014079892 
1002 15.4704829028 
1003 22.3801971197 
1004 26.8039044351 
1005 20.4316250789 
1006 24.5267470535 
1007 26.0712059738 
1008 25.430418633 
1009 20.395325216 
1010 26.8663060656 
1011 18.8523657152 
1012 25.5793097742 
1013 24.9936731045 
1014 22.9849263456 
1015 17.2887042957 
1016 15.5016222822 
1017 20.9060345853 
1018 22.1159761588 
1019 34.0088433739 
1020 24.9425136524 
1021 24.4365751194 
1022 30.2416463535 
1023 20.0435070296 
1024 24.6508917587 
1025 22.007679831 
1026 16.2698267964 
1027 26.2189424173 
1028 22.6280928271 
1029 18.2632222089 
1030 21.3976526499 
1031 27.0176151851 
1032 17.8552232089 
1033 25.8201024228 
1034 19.9473391783 
1035 24.5513282188 
1036 20.5360042362 
1037 24.8354726818 
1038 24.0198901623 
1039 21.1876716716 
1040 25.897168447 
1041 28.8204080417 
1042 24.90660388 
1043 16.286303098 
1044 25.6485228707 
1045 19.2310133552 
1046 21.8395134275 
1047 24.7790164853 
1048 22.5741222802 
1049 24.3966393508 
1050 17.740683855 
1051 21.0168901551 
1052 17.4873898104 
1053 24.5914441518 
1054 20.0755228384 
1055 27.0176521055 
1056 20.9499389163 
1057 26.5138921396 
1058 26.1598324483 
1059 20.6386813022 
1060 20.9146144554 
1061 24.9155652101 
1062 25.9150530991 
1063 19.6058233214 
1064 15.7627500487 
1065 10.8023821553 
1066 23.3097979394 
1067 26.7555991565 
1068 21.8031116208 
1069 19.8853735267 
1070 22.9532041464 
1071 23.2664582056 
1072 19.10791052 
1073 21.4666641549 
1074 26.2289180246 
1075 19.6386434205 
1076 21.4965587896 
1077 26.2947362036 
1078 12.8446005315 
1079 17.1635031086 
1080 17.4753479607 
1081 22.5887169531 
1082 30.4227933346 
1083 22.6563186852 
1084 16.6972291624 
1085 22.3793370749 
1086 18.8424227521 
1087 22.4906347906 
1088 24.7097664968 
1089 21.4236854248 
1090 15.056379051 
1091 24.3936175891 
1092 25.7242500413 
1093 20.2357933265 
1094 26.4805247356 
1095 26.0518390221 
1096 26.8867804366 
1097 18.5340852192 
1098 19.7312418189 
1099 27.3608551563 
1100 29.9753396512 
1101 22.1937701309 
1102 16.590399598 
1103 21.5479515019 
1104 20.6074417067 
1105 15.0744408298 
1106 23.58116369 
1107 23.1034397823 
1108 25.9454527107 
1109 22.289024703 
1110 20.2704931224 
1111 20.8660926898 
1112 18.6696720277 
1113 21.2092367519 
1114 22.6544423441 
1115 30.4594194749 
1116 27.5391036642 
1117 17.3637878345 
1118 22.1181142597 
1119 14.8275599594 
1120 12.5341416716 
1121 23.096250424 
1122 25.69885513 
1123 24.1623011563 
1124 21.0647651518 
1125 19.2962413998 
1126 22.0987933332 
1127 25.0197854945 
1128 27.2473701807 
1129 20.6715686317 
1130 27.6001728881 
1131 19.1925401323 
1132 21.5439380811 
1133 23.0097545732 
1134 22.9324000048 
1135 23.7891384006 
1136 19.8135073949 
1137 19.6072536849 
1138 17.883390378 
1139 22.2637287468 
1140 26.6953798433 
1141 23.3779601712 
1142 29.0659273453 
1143 20.0572697811 
1144 23.0628019605 
1145 16.9127559122 
1146 19.6688200427 
1147 22.1778233584 
1148 28.060704791 
1149 22.7621817195 
1150 29.4957948108 
1151 27.7438167309 
1152 27.2963266315 
1153 22.60081831 
1154 29.344936171 
1155 24.0786507576 
1156 25.8679748219 
1157 21.7940201548 
1158 26.4429224201 
1159 22.9454558956 
1160 27.1373943916 
1161 21.7347418275 
1162 16.6766802342 
1163 17.8418559954 
1164 19.3755821538 
1165 23.0800323058 
1166 21.0539706206 
1167 22.6658285077 
1168 20.0628680807 
1169 20.4885577082 
1170 20.0324360008 
1171 19.9882436398 
1172 9.84810926622 
1173 19.9502385214 
1174 24.848672398 
1175 27.0815092715 
1176 23.6871733269 
1177 21.9562691575 
1178 23.2824872639 
1179 21.6474532431 
1180 26.5545879092 
1181 24.1103911587 
1182 20.4452090169 
1183 17.6870169264 
1184 21.7908591757 
1185 22.8136864512 
1186 35.3366776975 
1187 25.7041114252 
1188 27.9166753933 
1189 16.2379548517 
1190 20.7225872927 
1191 19.0039434995 
1192 22.8525667012 
1193 24.5782968905 
1194 29.2946590501 
1195 20.9128807904 
1196 13.4280344259 
1197 19.9098394845 
1198 25.7273166406 
1199 24.066636857 
1200 28.5482344438 
1201 31.2445798164 
1202 19.4475535479 
1203 21.0780406551 
1204 23.6770516075 
1205 25.26193024 
1206 17.1413680193 
1207 25.8546016133 
1208 23.8759875187 
1209 26.658348528 
1210 20.6989915617 
1211 21.6659217748 
1212 14.6070197993 
1213 25.4459094732 
1214 14.2775295058 
1215 20.6801898661 
1216 24.7919688795 
1217 23.9905239719 
1218 30.3675082812 
1219 8.85561228033 
1220 26.2911029276 
1221 32.7895119969 
1222 24.8913675635 
1223 23.8971362742 
1224 23.8385593038 
1225 21.4879434874 
1226 17.3611778953 
1227 17.2895458021 
1228 21.4378529487 
1229 24.0143089042 
1230 25.249304783 
1231 21.2080127381 
1232 25.9599227978 
1233 27.3051494334 
1234 21.9047763621 
1235 25.9563140308 
1236 23.7758265544 
1237 20.9715434999 
1238 24.4548804517 
1239 23.935123646 
1240 22.1946897601 
1241 16.5979093722 
1242 29.400686262 
1243 22.456096776 
1244 18.7175713909 
1245 20.4499134621 
1246 22.5485266434 
1247 26.9425254174 
1248 25.1437416195 
1249 19.4263638959 
1250 20.4891735908 
1251 16.6276824916 
1252 22.3349789466 
1253 28.7877145989 
1254 22.1769231177 
1255 24.3377115096 
1256 18.8991609828 
1257 24.2451837627 
1258 22.9486459432 
1259 19.1734452552 
1260 22.9416933765 
1261 26.6858834624 
1262 21.5282715674 
1263 32.1057876415 
1264 23.6169284793 
1265 22.440062193 
1266 25.1985553945 
1267 19.5880725522 
1268 18.8969954598 
1269 24.9728224978 
1270 0.464047287659 
1271 22.2027755714 
1272 23.0205662475 
1273 23.4357444827 
1274 27.5275726366 
1275 18.6759321623 
1276 23.7483315771 
1277 22.3278540186 
1278 21.5659163358 
1279 21.2704553542 
1280 13.5051169481 
1281 23.7868993114 
1282 18.3821902179 
1283 25.7073032751 
1284 19.7821873588 
1285 18.5552482128 
1286 23.8239468904 
1287 24.5681594771 
1288 21.572503257 
1289 20.8125684103 
1290 20.0285107147 
1291 23.4078893909 
1292 20.432834617 
1293 20.6948411808 
1294 23.2906395443 
1295 15.2600735283 
1296 24.0824323817 
1297 20.1197859076 
1298 24.5745967748 
1299 14.7353559455 
1300 16.8396873751 
1301 17.4037517843 
1302 20.7183212918 
1303 25.1912910447 
1304 21.5447595185 
1305 21.917639633 
1306 20.9925878634 
1307 25.3573656894 
1308 16.205368205 
1309 23.0074498685 
1310 26.3254711655 
1311 21.7150816161 
1312 23.2259295979 
1313 26.1786228976 
1314 22.7274869051 
1315 27.3778647125 
1316 27.2464167687 
1317 22.1101980133 
1318 18.6206084683 
1319 14.3186803798 
1320 -1.54274756611 
1321 21.2460758224 
1322 20.1587215684 
1323 20.4704349617 
1324 22.5386599438 
1325 21.3578494538 
1326 25.6653302316 
1327 24.0414871511 
1328 22.4608980855 
1329 21.5970906402 
1330 27.0887075539 
1331 23.55440682 
1332 13.7214021556 
1333 29.4068946908 
1334 24.7667304226 
1335 20.8026592486 
1336 25.157237681 
1337 25.3492382756 
1338 18.9154927771 
1339 24.8288821767 
1340 20.7451519929 
1341 21.1680247882 
1342 20.5756248119 
1343 18.9143406005 
1344 29.659062381 
1345 15.0678482001 
1346 30.3855907515 
1347 20.5125928574 
1348 21.6742933532 
1349 24.030468688 
1350 27.2264755473 
1351 24.7064312613 
1352 16.844957057 
1353 18.4081825147 
1354 28.4841697968 
1355 25.3965568611 
1356 20.5216925432 
1357 18.3978344744 
1358 25.2490269664 
1359 25.8507807878 
1360 22.695359862 
1361 27.5890546975 
1362 25.722003664 
1363 26.1107431295 
1364 26.3060682045 
1365 17.1462448071 
1366 22.234894157 
1367 31.3057621896 
1368 25.7241890253 
1369 21.1527979091 
1370 21.4594568521 
1371 23.3976346899 
1372 28.8245973295 
1373 26.1244077465 
1374 21.3248045632 
1375 23.8080512541 
1376 18.5617203804 
1377 18.9284067978 
1378 28.0431526708 
1379 29.5200219718 
1380 28.4508708491 
1381 21.0055551932 
1382 17.6241612293 
1383 16.8699593518 
1384 23.1459202148 
1385 21.6698072817 
1386 20.1054035706 
1387 19.4864396281 
1388 27.7847173108 
1389 2.20351414846 
1390 13.7706001495 
1391 21.4614826515 
1392 24.2480046065 
1393 23.4303891522 
1394 25.1127311529 
1395 30.0001272452 
1396 25.804537423 
1397 15.2983278507 
1398 22.5763977303 
1399 14.6068126813 
1400 23.9374093549 
1401 17.8832533495 
1402 20.7569917403 
1403 19.6782298245 
1404 26.3330096525 
1405 18.2855253409 
1406 27.1634258646 
1407 22.7064809485 
1408 18.8024484952 
1409 22.9806408972 
1410 27.436544392 
1411 27.6624133909 
1412 26.3777387938 
1413 21.8913664615 
1414 25.2340396766 
1415 24.7246772148 
1416 23.8510744642 
1417 29.7504952554 
1418 27.4828141255 
1419 17.0730454536 
1420 23.1560246261 
1421 23.0857352853 
1422 29.7123333522 
1423 21.8034311163 
1424 25.9735627621 
1425 23.3843476281 
1426 19.1650371123 
1427 21.1465644961 
1428 27.7397056952 
1429 19.5272080935 
1430 23.4642973566 
1431 28.4983549573 
1432 22.7527433915 
1433 21.2319840352 
1434 21.5543706213 
1435 18.665430228 
1436 25.8504612785 
1437 18.9770149775 
1438 24.8005457877 
1439 19.1343040897 
1440 17.7264335769 
1441 35.7144699384 
1442 22.3595488336 
1443 26.6282492395 
1444 24.4010534641 
1445 20.6991696423 
1446 23.7504677831 
1447 17.2864572828 
1448 19.1056104005 
1449 25.9855533218 
1450 16.7225677781 
1451 24.4984975148 
1452 21.9231592079 
1453 24.1384924507 
1454 22.4873657904 
1455 20.7244418037 
1456 23.4444082769 
1457 19.7461536606 
1458 25.8692453392 
1459 23.0249837081 
1460 31.2087505905 
1461 24.8970664095 
1462 18.2606349899 
1463 21.6554333004 
1464 21.2990132709 
1465 23.1981068917 
1466 23.9730125288 
1467 27.0403022279 
1468 25.7711943891 
1469 25.6444748324 
1470 19.3940992024 
1471 20.624876896 
1472 19.8626372019 
1473 25.4822795765 
1474 18.4071653652 
1475 26.9536098528 
1476 22.7683969626 
1477 21.6272132212 
1478 22.0802614596 
1479 0.565294020266 
1480 16.4555083216 
1481 31.5305054021 
1482 22.8896202923 
1483 30.5443362988 
1484 27.9168305889 
1485 17.6289400795 
1486 19.7988387146 
1487 25.7255396729 
1488 25.4167986895 
1489 25.976673249 
1490 23.2625979861 
1491 19.5433891007 
1492 25.1103905343 
1493 23.3187253462 
1494 22.2903509068 
1495 24.5068014806 
1496 21.3560715986 
1497 23.7704903236 
1498 24.7885733036 
1499 26.1560167276 
1500 15.1769702672 
1501 25.9674206475 
1502 20.3924431033 
1503 1.05761347015 
1504 22.3899524049 
1505 30.446593129 
1506 22.4807858785 
1507 17.3495122613 
1508 20.8603088792 
1509 20.726425565 
1510 19.7667305096 
1511 26.7990051879 
1512 27.6414827997 
1513 23.4902038923 
1514 27.7437113829 
1515 24.8614008514 
1516 28.3048813351 
1517 20.8609049989 
1518 21.9848557138 
1519 23.5611771268 
1520 25.3843607188 
1521 23.0982753951 
1522 26.8683005509 
1523 21.4749488843 
1524 21.0270780407 
1525 18.3363517362 
1526 19.9393666506 
1527 18.9781884267 
1528 23.134594691 
1529 24.3473619595 
1530 20.1290362854 
1531 16.3620738188 
1532 23.91384348 
1533 20.4280183317 
1534 21.5234721374 
1535 29.9997928835 
1536 21.8333508322 
1537 28.975975541 
1538 17.5176923451 
1539 25.4081705962 
1540 23.6432852115 
1541 -0.0899960779774 
1542 25.4622318523 
1543 20.6675149191 
1544 19.7424174777 
1545 20.9828644835 
1546 21.8044247108 
1547 22.6738456451 
1548 20.4007709216 
1549 17.7565630431 
1550 26.6756770968 
1551 14.5505981262 
1552 24.9645078423 
1553 24.3623656598 
1554 24.8437134203 
1555 23.4218255454 
1556 25.1103934052 
1557 22.7155868156 
1558 17.5480663179 
1559 22.9528959501 
1560 14.5484512319 
1561 22.6082440871 
1562 23.6053883973 
1563 25.0504739936 
1564 26.0080294128 
1565 23.5128718627 
1566 25.2922818216 
1567 22.1077003529 
1568 22.1811388531 
1569 25.8646054018 
1570 27.2743348055 
1571 20.2836660926 
1572 17.7092980363 
1573 25.8605975029 
1574 21.2739882173 
1575 27.1359696142 
1576 21.1628564875 
1577 16.9677333007 
1578 16.445301967 
1579 25.7603516914 
1580 23.0755281576 
1581 22.5976599308 
1582 25.6682680088 
1583 25.5684750089 
1584 28.1230668743 
1585 31.5790997638 
1586 22.2142748722 
1587 23.7503892915 
1588 28.4547794613 
1589 22.6425062139 
1590 26.1181472598 
1591 30.8801876895 
1592 18.9029871837 
1593 22.7146938103 
1594 22.289583122 
1595 20.8471014035 
1596 21.393896508 
1597 28.121887418 
1598 26.3094770113 
1599 23.8230790395 
1600 19.9785375237 
1601 24.0825650198 
1602 21.5680912379 
1603 20.2636539797 
1604 16.9739177537 
1605 25.9647383141 
1606 20.597340881 
1607 22.794127771 
1608 19.2776059484 
1609 20.9054410956 
1610 20.0337024278 
1611 21.0216434639 
1612 20.6505173863 
1613 24.9109462391 
1614 19.9043711833 
1615 21.6152936795 
1616 25.4476285461 
1617 24.1786733488 
1618 24.6278772078 
1619 15.6662626832 
1620 23.8604710485 
1621 17.6541518974 
1622 24.4588229808 
1623 20.0593111805 
1624 19.8478602242 
1625 23.7812978636 
1626 22.1481896109 
1627 24.193588079 
1628 22.6668053275 
1629 18.049017318 
1630 24.5370356779 
1631 24.480220675 
1632 24.6217420397 
1633 27.3047562329 
1634 25.4455299061 
1635 19.8259397329 
1636 3.38970983619 
1637 14.8432340441 
1638 26.1608874628 
1639 19.5695722595 
1640 24.0586272258 
1641 21.6194092286 
1642 18.7681920058 
1643 22.9474639526 
1644 24.2875415763 
1645 22.7646150122 
1646 22.2035307314 
1647 19.1610180923 
1648 24.4438766642 
1649 29.0541236281 
1650 23.8030766348 
1651 21.7647820005 
1652 23.303424092 
1653 26.938400073 
1654 22.8792031124 
1655 15.3473800629 
1656 24.5659765097 
1657 24.0889028789 
1658 17.5926368038 
1659 21.2039087952 
1660 17.4501928638 
1661 29.57510552 
1662 24.8963845951 
1663 22.5689505182 
1664 22.1034876414 
1665 21.3629838774 
1666 26.9776455959 
1667 25.884954518 
1668 21.1927171352 
1669 20.0555350916 
1670 24.1565121841 
1671 19.9966864724 
1672 23.0955495478 
1673 25.1846547064 
1674 23.4800388009 
1675 21.5976070348 
1676 23.6646158654 
1677 27.7932229837 
1678 20.5859031405 
1679 21.467761145 
1680 0.414666374715 
1681 23.208883882 
1682 20.7573094841 
1683 17.3048263943 
1684 24.8165565781 
1685 22.4050478099 
1686 22.3513581587 
1687 28.9925128474 
1688 24.2441051625 
1689 20.91824046 
1690 17.9407286351 
1691 20.1133680807 
1692 19.2696603117 
1693 26.4667391536 
1694 28.0023434364 
1695 21.2634685484 
1696 23.2697363111 
1697 26.5943371314 
1698 22.9943101631 
1699 22.0404460302 
1700 19.5774942566 
1701 21.3359326563 
1702 18.3449032834 
1703 19.6881491405 
1704 28.0644044556 
1705 26.8521205962 
1706 22.7265133887 
1707 16.7661594248 
1708 17.561647698 
1709 22.9806139582 
1710 22.0381770604 
1711 21.343203452 
1712 24.0380714474 
1713 20.0539927484 
1714 27.8425454122 
1715 24.136082226 
1716 22.3193858293 
1717 25.4598620101 
1718 20.8820410922 
1719 25.1069785521 
1720 19.0820548177 
1721 22.3824825444 
1722 34.9844603845 
1723 23.4409099936 
1724 31.1709809141 
1725 22.6356469021 
1726 30.6850141503 
1727 15.9182042707 
1728 18.5359725809 
1729 17.6372761721 
1730 23.8887031333 
1731 21.3086728855 
1732 26.1882765834 
1733 2.72035293467 
1734 22.4931019431 
1735 22.4706301054 
1736 23.9980624831 
1737 1.68215257211 
1738 23.6502920175 
1739 20.9849677561 
1740 19.0445511168 
1741 25.7392179323 
1742 18.270308004 
1743 17.8033593575 
1744 23.5441217819 
1745 18.9061355361 
1746 22.5991593434 
1747 29.5402461002 
1748 29.6116419489 
1749 20.6405941762 
1750 24.1893760631 
1751 18.2577008094 
1752 15.8460295654 
1753 26.1918006187 
1754 20.0536190072 
1755 19.1745480358 
1756 21.1655899489 
1757 26.1110526756 
1758 32.1242937745 
1759 24.2777994565 
1760 25.7491005061 
1761 19.347318207 
1762 25.2720250187 
1763 23.6146906754 
1764 25.1509544406 
1765 24.2521135268 
1766 20.5788931174 
1767 21.3104052911 
1768 19.8752463069 
1769 21.6851674551 
1770 22.6118081106 
1771 26.040563078 
1772 23.5332866462 
1773 24.3694327118 
1774 23.3480060761 
1775 15.740855986 
1776 28.7656870375 
1777 22.2576076617 
1778 23.0433806343 
1779 25.9005770883 
1780 15.9192942758 
1781 17.5072716134 
1782 22.5455801154 
1783 23.517894526 
1784 26.9111245933 
1785 21.9141182542 
1786 21.6178865219 
1787 22.5646886366 
1788 22.1623165935 
1789 24.1124432541 
1790 24.7993989117 
1791 19.2027937781 
1792 23.9151848524 
1793 18.7600587138 
1794 23.3477023267 
1795 -1.42015698582 
1796 23.0577962475 
1797 19.2030664517 
1798 22.4594889595 
1799 24.7686904184 
1800 22.0062890335 
1801 22.692693527 
1802 22.0105679944 
1803 29.5555871926 
1804 20.8969455312 
1805 22.6539210542 
1806 20.6940271687 
1807 20.5101043241 
1808 22.5820790038 
1809 17.1348033104 
1810 23.6172290806 
1811 24.2251940034 
1812 22.3769856833 
1813 16.6733472968 
1814 22.5388978578 
1815 23.3048151684 
1816 24.4547806036 
1817 19.645170647 
1818 16.1800457875 
1819 23.8176256938 
1820 27.201110898 
1821 22.6585954242 
1822 25.5650650293 
1823 24.7776605917 
1824 20.7510771215 
1825 26.45474544 
1826 14.5949893061 
1827 21.2060672368 
1828 17.3568804121 
1829 22.0219132431 
1830 21.8013183202 
1831 16.7715520674 
1832 19.0701350513 
1833 22.2810871816 
1834 23.1518088493 
1835 22.3939632089 
1836 21.9238581111 
1837 18.0674409414 
1838 26.3538936223 
1839 29.2225047738 
1840 27.1502920409 
1841 12.7300064169 
1842 17.9583329908 
1843 25.7984225561 
1844 19.8362427526 
1845 21.3126786304 
1846 22.956648223 
1847 27.8876584604 
1848 19.1106776559 
1849 23.327432918 
1850 28.7079964004 
1851 21.9459877994 
1852 23.0763811367 
1853 19.218198403 
1854 28.5613597242 
1855 16.8305424935 
1856 25.7550584455 
1857 17.649623857 
1858 21.569571139 
1859 23.4359867748 
1860 19.5577260995 
1861 23.2917870171 
1862 23.2086643682 
1863 23.6174878082 
1864 20.8153948772 
1865 24.9871420172 
1866 22.1773462024 
1867 33.5219442291 
1868 22.0778486206 
1869 22.7486538233 
1870 25.6540020966 
1871 18.267943589 
1872 17.4530098551 
1873 26.1893260553 
1874 23.2115411968 
1875 24.1536070078 
1876 24.0846103613 
1877 19.5071807081 
1878 20.6369817288 
1879 22.2361897559 
1880 20.454334107 
1881 18.2955470789 
1882 27.3100012515 
1883 21.5845490636 
1884 22.600201786 
1885 19.9371494888 
1886 17.9399829621 
1887 24.4370174339 
1888 18.3015215994 
1889 21.3495515798 
1890 26.3062489876 
1891 23.0299543654 
1892 20.9273369977 
1893 20.5089968344 
1894 17.5748447042 
1895 27.1374780151 
1896 25.1053012363 
1897 21.6444991639 
1898 13.8626913922 
1899 24.5322039789 
1900 23.9305607173 
1901 16.0521594061 
1902 24.5633747368 
1903 15.0895520551 
1904 17.8124070887 
1905 24.5863689806 
1906 23.801354715 
1907 22.7347964927 
1908 24.228084926 
1909 21.2943751634 
1910 16.5156575351 
1911 20.638258523 
1912 27.1983687678 
1913 25.0030399479 
1914 24.2185547105 
1915 21.6355704012 
1916 23.816852161 
1917 21.9797519631 
1918 19.1554512705 
1919 20.7895570624 
1920 22.9480259632 
1921 18.1807645273 
1922 18.2140441324 
1923 30.9931537483 
1924 28.4986804525 
1925 17.0075918791 
1926 23.3579558135 
1927 25.6145687509 
1928 20.8964206443 
1929 24.2342749815 
1930 26.1213544523 
1931 26.9714529773 
1932 20.5698988987 
1933 20.5029629687 
1934 22.9520574876 
1935 2.06632512582 
1936 23.9985668861 
1937 20.1662465045 
1938 24.9313787447 
1939 23.4213239962 
1940 24.6860294185 
1941 23.4787242518 
1942 31.2716277296 
1943 23.122707403 
1944 21.996864197 
1945 22.4179233114 
1946 26.3659156725 
1947 23.8745292346 
1948 24.3232036964 
1949 21.7579681812 
1950 24.1891892456 
1951 23.3702282394 
1952 34.2588588371 
1953 24.6121909512 
1954 20.8100111452 
1955 17.5696677056 
1956 19.3143361853 
1957 21.9828608846 
1958 20.583336534 
1959 24.2581137158 
1960 23.5423994922 
1961 25.4885596164 
1962 21.3021038883 
1963 23.0548284768 
1964 21.1457398865 
1965 20.9129063005 
1966 1.70953231063 
1967 21.400151699 
1968 22.4369645492 
1969 14.5564970951 
1970 20.8139803119 
1971 23.4776840911 
1972 22.1298461721 
1973 25.6850659322 
1974 25.7935679789 
1975 24.3023484385 
1976 19.1974698785 
1977 16.6455008514 
1978 20.2448112283 
1979 26.9803939748 
1980 24.7379703017 
1981 25.5514510883 
1982 21.6023779249 
1983 15.8437753452 
1984 25.2411641122 
1985 19.4394156134 
1986 23.2941190316 
1987 20.5278957536 
1988 24.5736125696 
1989 26.7735929473 
1990 22.418176796 
1991 21.7621464241 
1992 26.0630089268 
1993 28.2066119928 
1994 20.8704513813 
1995 26.1085860439 
1996 25.2647545404 
1997 20.02775393 
1998 17.3636856947 
1999 24.2360413015 
