0 27.4303537277 
1 17.9661743567 
2 31.1179163831 
3 16.8387705261 
4 17.4647924519 
5 23.4031167814 
6 21.7520537979 
7 27.9625959924 
8 17.6035905102 
9 31.1937782381 
10 16.5582931214 
11 23.796058149 
12 24.8593364244 
13 21.9919810457 
14 16.115294113 
15 30.8743118414 
16 18.2414547586 
17 29.7097214997 
18 23.2687866251 
19 30.9630611708 
20 14.1872926131 
21 27.298987595 
22 21.8681846984 
23 13.6345269338 
24 28.6736634172 
25 22.7934897934 
26 31.1974978914 
27 31.0229154137 
28 25.104098824 
29 18.5435083147 
30 31.2644109864 
31 23.8162649387 
32 -3.5186455158 
33 22.43024421 
34 13.6283421004 
35 16.9822488778 
36 14.8000315551 
37 15.2264257623 
38 32.4636343475 
39 35.3257162526 
40 26.2984382755 
41 18.7664999823 
42 24.2014124491 
43 15.2961698893 
44 28.9918745737 
45 21.0500041655 
46 16.9482250371 
47 28.2813412982 
48 18.2053064009 
49 27.4437129773 
50 17.4572819308 
51 16.8579157162 
52 6.88114676039 
53 13.6114673155 
54 24.8771240433 
55 17.720222267 
56 28.8727687721 
57 22.878054606 
58 31.0087693068 
59 24.0701267037 
60 34.1264325491 
61 27.7093956193 
62 31.3773036579 
63 20.5221787902 
64 20.3902683338 
65 17.3640650975 
66 18.1371519749 
67 17.3793345488 
68 15.6336283482 
69 25.8345797364 
70 14.8649666791 
71 28.6274683654 
72 21.1862978341 
73 31.9323810069 
74 26.5301762305 
75 25.2126526352 
76 27.9588784771 
77 27.6310670478 
78 28.6469988866 
79 27.761283869 
80 20.3413353012 
81 20.4560866704 
82 24.254090558 
83 24.1077047938 
84 20.1053943544 
85 23.86222741 
86 29.5074147308 
87 18.5411418274 
88 18.502150054 
89 10.2622739481 
90 18.0097279343 
91 25.9438465749 
92 24.5967386835 
93 23.4965732959 
94 17.3942706417 
95 22.107492368 
96 14.9441600344 
97 16.7192691643 
98 23.9622266111 
99 29.7056934029 
100 16.5254385714 
101 20.9801696514 
102 25.7336068687 
103 23.922748827 
104 23.1753642759 
105 26.3233493322 
106 14.6335994837 
107 24.8266193071 
108 24.9834478246 
109 18.0290157163 
110 15.7978233502 
111 27.7253482997 
112 14.9561353156 
113 16.8520666282 
114 24.8414242628 
115 13.8966016923 
116 9.30115679078 
117 26.8838163468 
118 32.1827690554 
119 21.1423408827 
120 20.928644963 
121 23.1180945183 
122 29.0090866204 
123 10.5489180032 
124 24.4222116369 
125 25.4244113792 
126 27.9057898491 
127 23.6220026726 
128 12.4293850347 
129 16.5336784135 
130 30.4222693321 
131 26.2383209624 
132 25.8789843066 
133 26.1602920891 
134 22.3950631016 
135 30.5618974965 
136 10.1002425119 
137 30.3335427521 
138 31.5776787761 
139 32.6580651927 
140 21.4086927899 
141 23.7131000395 
142 12.130264537 
143 20.4404683542 
144 26.7542431161 
145 16.7225108116 
146 28.8333317821 
147 18.6235431643 
148 27.514235865 
149 20.2992874268 
150 22.4536723206 
151 30.6101498021 
152 17.9713225246 
153 23.4203806195 
154 8.15220798588 
155 17.4816978796 
156 28.1360695431 
157 17.2910437272 
158 25.6606955851 
159 33.5818073714 
160 25.1654020575 
161 14.6833532954 
162 18.742756689 
163 20.3933310746 
164 21.9446663169 
165 14.4885666226 
166 12.9627678643 
167 23.219593528 
168 30.0336869295 
169 16.8735474727 
170 33.3435350946 
171 11.1863632018 
172 23.7785598503 
173 26.5297817652 
174 20.0993199853 
175 18.6265540642 
176 29.5937569202 
177 23.4045352292 
178 11.0503670968 
179 25.3062166511 
180 15.2484647309 
181 16.0928576307 
182 27.7480078993 
183 19.6210031474 
184 23.6284449906 
185 16.5693275485 
186 18.3072805937 
187 17.4714903487 
188 15.8946046813 
189 17.9164263196 
190 20.3495214158 
191 17.1242316098 
192 12.9190893958 
193 15.0981003219 
194 15.9023097291 
195 14.9614442049 
196 35.9500275231 
197 14.9831912657 
198 22.0677142259 
199 24.3851014139 
200 17.0389840785 
201 19.9977848257 
202 14.2606736643 
203 15.6545685322 
204 33.751814765 
205 16.4861457493 
206 14.9783794391 
207 9.72670871048 
208 18.5086771447 
209 29.3043602268 
210 22.6663809833 
211 19.6924041209 
212 18.8140671663 
213 20.0052289542 
214 29.555634472 
215 15.5788933659 
216 30.1063561691 
217 23.3504346741 
218 27.5357542956 
219 18.2302636948 
220 14.7483541624 
221 29.4992346337 
222 20.3058318423 
223 25.9165252888 
224 17.2946366429 
225 22.5689662646 
226 22.2876026185 
227 14.2631904407 
228 26.3992176358 
229 21.4332444079 
230 9.71009307374 
231 28.3314316684 
232 19.056285499 
233 30.1390338844 
234 18.702434308 
235 28.84280209 
236 20.6447511373 
237 27.1638691467 
238 16.1202007844 
239 30.3677137923 
240 15.7804945238 
241 25.0590680938 
242 25.8595393868 
243 12.8528811093 
244 23.4838314926 
245 21.1845991972 
246 29.0186074708 
247 20.4484681656 
248 23.7685830005 
249 21.6653111281 
250 16.6129119562 
251 18.0338588615 
252 29.0528229684 
253 18.8146230652 
254 29.8657715296 
255 17.1022253794 
256 31.560267114 
257 22.9645153563 
258 21.9726507926 
259 30.3597718352 
260 21.3092583952 
261 17.7125067491 
262 30.2668003839 
263 21.5838570438 
264 6.5782227442 
265 30.080098321 
266 28.5864975917 
267 22.5805883631 
268 17.4963912556 
269 23.4613807467 
270 31.7995773682 
271 26.7225388049 
272 25.6331347014 
273 29.7823565771 
274 28.747238859 
275 32.6338571325 
276 21.2950270942 
277 27.2360392738 
278 15.2881327386 
279 26.8540912747 
280 28.4815236154 
281 26.5722695311 
282 27.9977065744 
283 12.6051541819 
284 25.5920859622 
285 21.2828682635 
286 21.2448292768 
287 20.5916294104 
288 24.9912386726 
289 21.374786175 
290 23.8324304253 
291 23.1936383286 
292 13.8159527963 
293 15.0731557905 
294 28.0523424188 
295 18.7339477477 
296 26.38922729 
297 12.7721980005 
298 21.4876107303 
299 22.5245101561 
300 17.5697887222 
301 22.2554156476 
302 26.1081357184 
303 13.8257594034 
304 22.97766575 
305 24.0725254558 
306 21.9330998302 
307 25.813872296 
308 19.1200142078 
309 28.5774983384 
310 24.478936369 
311 30.9838569452 
312 26.2157490646 
313 30.9276330746 
314 29.6459133722 
315 26.0499251977 
316 22.2216274898 
317 19.7771951964 
318 28.203896917 
319 30.3074462791 
320 20.4226921895 
321 13.5404271551 
322 19.0407165252 
323 22.4868819645 
324 22.8997257032 
325 28.7303318156 
326 20.4170756047 
327 18.8921234404 
328 25.6997946081 
329 21.5727020457 
330 27.8040216407 
331 22.3270676546 
332 12.1477080818 
333 25.3482443418 
334 35.6205862252 
335 27.8719571166 
336 28.7026187916 
337 14.0557027344 
338 11.8742185036 
339 26.6818310784 
340 19.4301900454 
341 25.3646990024 
342 20.3622960947 
343 31.0577263581 
344 20.6200845268 
345 20.2531181275 
346 25.4875402782 
347 27.3308117917 
348 30.7718330015 
349 21.670492834 
