2422 10
2006 6
2732 12
630 8
1026 12
1991 8
2949 9
674 6
2221 12
2895 4
778 11
1810 7
2332 10
1621 7
278 8
297 7
95 11
2787 8
2629 11
2983 7
2025 11
1953 8
2606 12
1852 11
680 9
980 10
1482 8
321 12
2535 8
234 9
2880 9
1551 8
879 8
2375 11
2761 10
2645 11
1287 8
2 11
1697 8
1846 14
432 8
1148 11
2043 7
2334 6
191 12
2164 7
707 13
1338 10
2179 12
485 9
2314 12
510 7
2016 10
754 7
2046 11
1021 10
1240 11
514 8
2034 11
2878 7
928 12
1934 9
1702 11
1568 8
511 12
1041 10
1221 10
1241 7
2561 10
2202 9
2183 8
2097 11
2523 8
144 10
1383 9
2879 12
1387 11
638 8
1805 12
2211 10
1658 10
1122 7
2479 12
2524 10
336 10
1557 7
1161 9
2009 7
1974 11
1139 7
1277 10
2972 10
1936 11
1200 8
2773 12
2262 9
894 12
790 9
1542 13
1475 9
966 11
2073 8
986 10
536 12
1899 5
777 12
806 9
1280 13
1249 7
1971 9
31 7
316 10
1892 6
2261 11
1354 7
797 11
1780 10
974 11
24 7
2307 11
1256 8
1125 9
800 11
2366 10
2809 8
2218 10
2015 7
1825 11
112 11
883 9
2456 7
371 7
54 11
741 10
917 8
1529 11
555 7
1718 10
952 9
2801 11
183 9
52 9
1099 6
1368 11
1128 7
176 12
115 6
421 13
322 7
2404 12
2784 9
384 10
2038 6
2829 12
2938 8
646 10
364 8
1739 14
1862 9
2953 12
1351 9
1291 10
196 9
2212 12
580 8
2234 8
1020 10
2344 7
2719 11
2683 6
1126 11
2098 6
2496 12
1994 7
815 13
847 9
2042 13
825 7
1888 10
2962 10
854 7
2551 11
951 9
286 12
824 7
223 10
1144 9
1375 11
1441 12
1831 7
1272 12
289 9
832 11
1957 7
237 9
1878 7
1853 11
2236 7
1493 11
303 8
1008 10
873 7
1975 13
1635 6
1133 11
1373 10
1265 11
1998 8
2781 11
295 8
2618 11
1775 9
2210 9
1333 11
1377 8
661 11
2044 9
624 11
936 8
2911 12
2316 8
920 11
1614 7
766 9
243 6
2767 10
2368 10
1811 12
1372 10
2661 12
914 9
2855 11
2899 6
1400 10
2753 9
852 11
858 8
1979 10
252 11
2192 9
1086 10
387 7
1829 11
2769 7
6 13
1411 7
2051 13
169 7
2907 9
584 13
2481 10
1138 12
696 8
1965 12
2916 8
2224 12
2082 14
1286 10
236 10
542 6
2770 11
2795 7
457 12
2637 10
398 9
2386 7
1304 10
2713 7
2703 12
1670 9
585 11
1803 7
49 9
1625 5
2100 10
901 8
2239 10
1168 13
2599 7
1290 14
130 7
1429 7
2330 11
329 7
755 10
1326 8
368 10
430 8
2333 11
1916 9
2070 10
1700 7
87 11
1052 8
1952 9
51 8
1381 10
1232 11
498 8
2398 10
1665 8
2473 13
2457 9
1336 9
670 12
2650 7
719 12
1525 8
1465 8
2553 6
1220 11
2132 10
2329 8
2957 12
1047 8
91 12
1940 9
1246 13
1877 8
1384 10
940 13
102 8
265 14
1303 8
818 11
688 7
652 12
77 11
978 9
2628 10
2219 8
877 9
2731 7
319 11
200 8
1424 9
2730 6
1458 10
2978 8
458 12
2860 7
1871 13
1857 9
484 7
2513 7
2815 10
1569 8
782 12
2417 7
1521 8
1628 12
2160 8
1202 12
229 8
184 11
2992 7
2689 8
1554 7
1655 9
404 6
2756 10
1751 7
2408 11
2152 10
2652 7
2019 10
2074 8
2163 10
1556 9
2352 5
109 12
1638 8
843 12
663 8
284 12
2836 9
2238 13
2631 8
2766 11
2984 7
1535 12
672 7
2840 11
623 7
1357 10
1693 9
29 12
2362 7
1324 10
55 8
1781 11
660 7
1284 12
1705 9
2674 10
2181 7
513 13
1348 9
2431 11
2040 7
1219 11
1213 7
2384 11
88 7
2846 7
1450 12
1993 9
876 7
225 11
1516 7
2492 10
2620 9
2466 12
1409 7
2790 9
690 8
2775 9
525 8
2391 12
985 9
2951 12
500 8
2619 7
1797 12
1759 8
2883 8
494 12
1680 7
476 10
1488 6
1963 11
2345 7
1226 10
552 10
1454 11
742 8
2130 13
2407 11
572 9
2932 8
1500 11
1632 8
1486 10
2920 9
135 9
1620 6
919 12
835 9
2546 10
1935 8
1633 10
1092 8
2843 10
2595 10
1756 6
310 9
888 10
949 6
2807 10
372 8
878 12
2447 11
146 11
827 9
1294 12
2189 8
2464 10
1874 7
2640 9
2646 12
19 10
1741 9
2522 9
2493 11
512 6
612 12
2194 10
2255 11
1057 8
2118 11
2324 6
232 11
2439 11
226 9
1929 12
775 7
2171 11
2287 7
2882 10
1234 11
1813 9
395 8
2964 12
2596 8
1609 12
2286 8
2354 11
2712 9
1714 13
2785 11
613 6
2088 12
1254 6
965 12
2280 8
2754 11
1484 8
2660 12
2351 11
1187 7
1772 11
2694 8
312 10
2095 7
1823 11
1105 7
1696 11
465 9
2684 12
884 9
975 11
839 10
990 10
2131 6
710 9
2912 7
240 11
2327 8
904 11
2647 11
128 9
1479 10
502 8
2300 8
1989 6
1558 12
1842 11
445 9
2686 8
1778 11
2865 6
1229 13
454 9
2103 11
1543 13
715 9
50 8
1685 11
1807 6
973 11
1594 6
233 11
2108 8
991 11
817 8
1078 13
1737 8
1436 5
251 11
2752 6
2146 8
1584 9
1951 11
2310 8
2950 9
2943 12
264 10
2971 12
1210 11
2482 9
2566 11
2665 7
2816 9
544 5
2114 11
2259 8
2022 10
97 5
2764 8
2106 12
872 5
1955 8
1826 10
85 7
1061 11
2247 10
437 13
1885 9
1087 10
2545 7
2338 13
1410 9
1012 7
553 9
2311 7
1617 12
566 8
984 11
337 12
2710 8
1422 7
938 11
1517 7
93 12
1507 8
1065 12
407 6
592 8
414 12
2799 11
444 11
2089 10
2527 5
65 11
1725 7
1510 12
2458 7
1242 8
1299 9
2794 9
1308 8
1583 13
2641 6
426 12
1119 7
449 11
2253 8
1134 11
1689 7
809 7
671 12
2342 13
2924 6
1902 10
2153 6
712 12
1570 8
1513 7
1944 12
2069 8
713 8
298 10
1898 11
2195 11
34 9
160 10
1201 8
1334 7
9 10
1709 9
1735 9
1421 8
420 10
1561 11
1183 11
2462 9
1037 11
99 11
1710 11
1413 7
4 7
1544 6
2376 8
1212 10
1160 7
954 6
145 13
2644 8
1783 12
1563 11
1054 11
248 7
2381 10
1462 7
2242 8
540 10
2588 6
763 12
428 9
909 12
727 7
2662 12
664 10
1181 12
2446 9
2608 14
2835 10
2874 8
714 7
2083 10
268 8
2264 11
423 8
1873 9
2570 9
2804 11
2740 13
2240 10
416 10
2182 7
2718 9
1022 7
1610 7
2975 7
2936 11
1785 6
253 8
2119 11
1893 9
36 9
2292 11
2309 8
1865 9
527 8
2116 13
164 9
508 10
810 7
1498 9
2633 7
1343 11
2697 12
1162 8
1203 11
1453 8
2887 12
2999 8
1340 9
1687 11
1730 12
220 6
1782 13
756 11
1328 10
2625 11
2227 11
342 10
2914 10
1900 11
1275 7
1239 12
2585 13
2746 7
2346 10
1317 9
1419 9
493 9
610 10
2519 6
2621 12
1412 9
1774 12
1809 9
2297 11
2668 7
907 13
538 10
2064 8
32 8
962 10
675 9
1814 11
2994 7
863 13
1906 12
2901 7
603 11
1030 11
2258 8
1082 12
1961 8
1145 13
615 12
436 5
641 10
793 8
1941 10
1 6
241 7
1198 7
2963 8
150 10
955 8
692 11
2623 7
468 9
2063 6
1076 12
1149 9
830 11
1572 12
963 13
709 6
2140 9
1449 11
463 8
2453 13
453 9
2688 7
1345 9
1231 10
1044 8
2169 7
564 12
1501 10
1593 12
3 12
1844 14
805 8
558 8
2676 8
571 10
5 7
682 9
2437 10
1237 13
7 10
171 11
2222 10
2415 11
2331 11
8 12
388 13
1698 13
1684 13
2269 12
10 10
1038 11
1341 12
11 10
2824 11
172 11
687 10
2233 9
2521 13
12 9
1370 11
2420 11
13 10
1129 11
14 9
838 10
15 11
90 13
1179 12
94 11
16 9
1664 14
2409 11
2903 11
17 9
483 15
2857 10
1002 10
2609 10
731 11
18 7
2299 10
1124 12
2760 8
1769 10
363 14
143 9
2301 9
2078 11
2312 12
20 12
21 12
1051 13
1676 11
22 12
23 10
1130 11
2155 11
212 11
1365 11
1273 12
2172 11
422 9
1580 9
910 9
305 9
2388 10
2204 9
1886 8
2751 10
26 7
1152 8
2725 8
1992 8
2062 8
1913 10
1904 9
2649 9
2298 8
27 10
997 13
45 10
2029 13
1623 11
28 12
1477 13
2693 13
1732 13
30 8
1703 10
1004 10
813 10
816 11
801 9
747 9
1654 8
89 13
961 9
2698 10
2572 11
274 11
665 10
218 14
378 9
1310 9
33 6
1745 12
105 7
625 9
381 8
383 9
2241 11
1444 9
360 10
2383 10
1845 11
1910 13
1071 10
35 11
2017 12
37 8
1956 9
1007 9
2716 12
2077 9
1854 11
38 11
39 12
40 0
1624 12
1573 7
2559 12
41 11
1699 12
1596 14
2927 12
42 11
1631 13
43 8
1604 11
2454 11
2254 9
2839 9
44 0
1414 11
1390 9
116 9
676 10
447 10
1540 12
807 13
2455 11
2363 12
956 11
46 0
609 9
2611 11
1269 11
47 11
2826 12
48 0
2659 7
1156 8
307 10
1461 9
1815 10
2337 9
837 9
2993 9
1042 9
658 12
2841 10
57 9
2365 13
1248 11
2593 9
166 10
262 9
2657 8
1838 14
979 10
2260 13
1921 13
1478 13
70 12
167 11
1100 10
1487 11
1843 12
2268 10
2973 11
53 12
2842 13
1905 10
2568 10
202 9
1107 9
819 11
2556 9
56 9
482 12
1509 11
1098 12
1835 11
1692 10
2979 11
2308 8
425 10
842 10
207 10
2998 9
1534 10
58 8
2851 10
787 11
1531 10
59 0
1363 10
734 9
61 8
1146 10
62 10
1137 11
1298 12
2935 11
63 8
779 12
780 9
723 9
64 9
2928 11
953 11
2918 13
1476 12
2525 13
1439 12
66 10
2059 12
2199 11
158 12
67 0
545 9
1675 12
1005 9
590 9
1966 8
287 7
68 8
841 9
60 11
69 0
1733 12
1386 9
1645 10
178 10
2170 13
1050 10
72 13
1174 14
73 8
1195 10
1744 11
2257 10
1459 10
2940 9
75 9
76 9
897 10
2506 12
1036 10
1743 12
1427 11
2748 13
893 10
1154 12
78 9
2529 10
1318 11
2347 11
1723 10
317 10
79 8
352 10
1056 11
1795 9
1734 10
2699 10
2099 8
215 11
80 10
2272 11
1285 11
401 10
2776 12
729 14
81 9
2802 10
2838 11
1597 10
82 10
83 9
1539 11
2666 11
1931 10
84 10
1443 13
1300 11
1694 10
1713 8
211 9
2228 10
1977 8
1435 12
86 10
2230 12
324 8
1708 10
1358 10
1496 8
1528 9
906 14
1177 13
92 9
1001 9
2475 13
1073 10
2002 9
1564 10
927 12
2020 13
925 14
2369 12
96 10
2008 10
1970 10
2692 11
896 12
993 8
2150 8
1806 6
1937 12
1402 6
2397 6
98 10
2929 11
1027 12
2849 11
100 11
101 12
179 13
2213 14
964 9
1964 12
2897 9
569 9
1918 9
103 11
104 8
520 9
396 13
942 11
1674 11
2823 8
431 7
2960 10
2419 11
244 8
1173 8
1434 13
1215 8
106 0
1396 13
182 6
1784 1
107 9
2436 12
1455 12
1361 10
108 10
129 12
1481 13
110 8
1602 12
1379 10
2821 9
113 12
2861 10
175 10
440 10
2616 9
1359 12
733 13
1407 13
111 10
2850 11
1495 11
2001 10
2405 13
114 10
2617 15
308 10
1217 11
2530 7
163 12
1382 12
2705 14
2642 9
1366 7
798 7
864 12
2509 10
117 10
2086 12
2961 12
2392 11
2041 12
119 9
2201 12
1673 10
120 13
121 0
1296 1
339 12
1972 1
1917 8
122 12
123 8
2348 10
1613 9
814 9
2772 9
1980 11
153 9
124 7
526 11
1662 8
1982 13
125 7
133 9
2828 8
1259 9
2092 8
637 10
2655 8
126 6
2148 11
2952 7
2669 11
982 11
1211 9
1214 8
127 11
2837 10
2656 10
608 10
1860 10
2277 9
1394 11
2742 10
1274 11
2701 13
1297 13
1474 13
1445 12
1984 11
1218 8
521 8
306 10
628 8
131 8
2055 9
2313 9
170 9
2448 12
2296 12
132 0
902 7
2380 8
557 11
1014 9
2622 10
761 11
406 12
1950 10
2695 13
134 7
1924 8
1070 10
559 9
1392 8
370 9
828 10
136 0
1192 11
2451 13
137 8
771 12
1861 9
1452 9
1364 9
347 11
139 9
1010 9
140 0
583 10
2827 8
335 10
2578 11
725 9
154 8
219 8
141 8
2358 9
442 11
2047 12
1276 11
2591 9
142 8
391 9
2151 10
1391 14
2813 9
1748 10
851 12
988 12
651 12
147 8
1767 9
249 9
148 8
2630 12
304 9
2294 9
668 9
149 9
1671 11
1903 12
855 10
152 11
1752 14
1968 11
1914 10
376 10
1307 9
1798 12
1000 8
890 11
1755 10
155 0
318 10
1166 7
156 8
281 9
2411 10
1812 11
157 0
704 12
2469 1
159 8
2052 10
722 9
2037 13
1789 11
162 1
1103 10
469 12
2528 8
2302 10
165 1
1025 8
548 10
1740 10
2905 12
2844 10
2304 14
1120 8
1473 9
2361 9
2788 10
2888 11
1867 10
2223 10
1736 10
2035 9
2071 9
1919 10
546 12
467 12
261 12
2755 12
230 12
173 9
2184 11
745 10
699 13
174 9
1926 10
1263 12
622 11
177 10
2067 11
412 10
769 11
138 12
1395 11
180 1
2663 10
1208 7
2845 9
181 9
655 10
2917 7
2510 14
534 12
575 8
280 10
439 10
1335 10
185 11
1763 12
186 8
1642 10
1102 11
2651 9
187 0
1949 8
976 2
1233 8
1172 7
2421 8
188 1
996 10
358 9
2728 10
2538 14
2127 10
413 12
189 10
190 0
389 9
2507 11
2162 10
2460 9
192 11
193 0
999 11
194 0
1762 8
1571 10
1320 8
2031 10
560 9
1939 12
539 10
669 9
195 9
320 9
480 10
2282 10
1151 9
2518 11
2360 11
2203 10
607 13
944 10
2090 9
197 8
1283 9
519 9
2833 10
210 11
2934 13
1017 9
198 9
392 10
245 9
199 8
2562 9
1644 10
589 10
2480 10
1587 12
757 9
2590 10
1313 9
1828 12
2991 10
1388 9
1199 8
201 6
256 13
2565 11
203 9
74 12
2758 11
204 7
2433 8
2435 11
2085 8
270 8
2675 9
1850 12
205 10
325 12
565 11
311 10
206 10
2501 11
2863 11
1104 11
821 11
2968 11
2076 11
208 8
2580 9
487 10
1040 12
1688 11
1416 11
2714 11
1380 12
213 0
1764 11
400 9
598 11
2295 12
1690 9
216 11
2080 12
217 11
2763 11
2575 8
2672 11
2933 11
1526 10
921 10
1178 7
2511 8
509 7
221 8
998 13
2635 12
1908 9
2677 9
1657 10
1049 9
415 9
831 9
222 9
1216 12
227 10
774 11
2465 11
224 8
1003 12
2859 9
2477 11
488 11
2461 12
228 10
1801 9
2005 12
2105 12
1661 10
1169 11
231 2
618 9
338 9
214 11
593 11
1875 11
235 8
1848 9
1514 10
2413 9
267 12
1779 13
1469 11
2904 10
2425 10
673 11
238 7
1329 9
753 10
239 0
1607 1
1864 11
2985 11
567 9
2232 9
1884 9
2205 10
2533 13
1786 9
242 0
1603 11
260 9
1612 10
2487 9
865 14
2499 11
1093 7
499 7
2393 8
1471 11
2014 8
703 7
1258 9
770 12
563 11
1282 11
246 11
247 8
804 11
2981 9
489 12
2322 11
1682 13
736 8
481 14
301 7
1560 13
1337 12
250 14
716 10
2848 10
2514 12
2323 10
1301 9
2364 9
254 11
255 10
2278 11
438 11
2406 14
257 9
648 10
717 12
695 11
258 10
1253 10
1034 11
2303 11
259 1
2467 2
2537 2
2378 2
2289 9
1491 11
2196 2
1064 9
408 9
1112 13
2139 12
992 10
759 13
2024 10
2743 13
266 9
2256 10
345 10
948 10
1228 9
269 9
2768 10
1518 10
2032 11
2741 11
271 0
2671 7
343 1
272 9
168 12
693 11
1399 13
275 8
2246 12
2343 10
1849 9
276 8
684 9
2075 10
1028 9
277 7
2161 10
2490 12
1499 10
2780 10
1165 10
987 11
958 9
279 7
2185 8
694 12
2873 12
1582 10
282 11
1753 13
283 1
486 10
776 9
2217 12
2680 9
1045 11
2615 2
1111 12
285 10
762 11
614 10
2353 8
288 0
1804 8
848 8
1567 12
1456 12
290 1
2889 9
2739 2
291 8
2664 9
2101 11
477 9
292 11
1592 12
2976 12
2371 12
293 12
294 12
452 10
1901 10
2004 12
2550 10
1527 8
2750 10
296 0
556 9
760 7
541 9
1312 10
355 8
2058 9
2449 7
889 10
2426 11
299 9
1352 10
574 10
300 8
1024 13
2954 11
2893 9
2504 8
2271 8
302 8
568 12
1085 11
2123 8
2135 9
636 9
820 11
1933 11
1315 11
1520 13
1140 10
2875 11
1193 12
2602 11
1985 8
1302 13
1247 12
309 10
2789 10
826 12
2970 11
1537 10
1987 10
1467 11
313 10
2597 12
314 9
1833 10
1270 10
315 0
833 6
1398 8
1721 11
1619 11
1883 11
2021 11
908 12
971 10
836 12
2027 11
811 9
653 8
2104 8
323 11
1731 9
359 11
2729 9
263 12
1485 10
366 10
2749 9
327 0
2050 11
895 10
524 11
2125 10
2495 10
328 10
2215 11
326 14
1524 12
2385 9
2166 8
1108 11
330 13
2517 15
332 9
2997 12
333 9
1015 10
1463 10
1332 10
334 7
2735 11
2084 9
2722 10
2502 10
2759 10
1339 10
340 9
1058 11
1876 10
1822 10
1142 2
2792 8
822 11
989 2
344 8
357 11
1943 9
604 11
2558 12
346 6
737 9
2147 9
2273 10
2128 7
1109 7
348 10
349 9
2336 9
2157 8
350 8
1538 12
911 11
1973 12
2191 13
25 12
732 10
353 0
923 13
354 0
1515 8
1938 10
1401 10
1480 8
1322 9
1616 9
2995 9
853 9
356 6
789 8
1393 12
1859 10
597 12
2373 11
983 14
361 12
1271 13
362 10
677 11
1896 11
1132 10
1408 8
967 11
2939 9
2237 8
365 9
367 1
2144 9
2798 8
369 3
1922 8
2394 12
2926 11
866 11
2249 12
2190 10
1225 13
2412 9
627 9
2111 10
373 8
578 12
1636 12
1726 10
374 8
2285 10
375 8
1720 9
2430 10
1306 8
377 8
2825 9
2724 12
460 10
1686 12
379 0
606 9
1855 9
380 11
2817 11
2946 10
2540 12
434 9
2107 10
2355 9
386 8
1960 11
1257 8
2830 8
2868 12
1546 10
390 0
654 1
633 12
1031 10
151 13
1227 10
2639 11
393 7
1800 9
2583 11
1468 10
2654 13
394 0
784 11
497 8
639 10
1080 10
397 1
924 10
399 9
2604 10
402 7
2498 9
455 8
2577 10
1601 8
1706 8
403 9
2208 11
1039 7
1362 7
405 0
899 9
796 9
382 13
1856 10
2081 11
418 9
1316 11
2060 9
850 7
698 10
409 9
1068 12
2919 10
410 0
1595 13
2423 9
475 7
411 9
161 13
2165 10
1608 13
1325 11
1075 11
1260 12
417 10
2737 11
1590 13
724 11
419 8
1958 10
2573 10
385 14
2806 9
1511 13
2039 9
1839 8
1626 12
424 11
2717 12
427 0
916 10
1094 10
2777 10
1309 10
429 1
2290 7
946 2
1637 7
2505 10
2478 9
2690 13
649 8
2965 10
2214 8
433 0
2112 12
2235 13
626 10
2955 10
970 11
435 10
1502 11
2030 10
1760 8
740 6
1222 6
1928 13
2065 11
441 6
1536 7
2275 9
443 8
2944 10
1066 10
448 10
450 8
803 10
451 10
1666 10
2341 10
686 12
683 13
209 12
1588 10
2653 9
2980 12
2503 10
2379 9
1915 11
700 13
456 8
1794 8
1143 9
459 2
1385 9
2459 10
930 10
461 0
462 9
1766 9
1948 9
464 11
2049 7
1123 10
619 10
758 12
1048 10
466 9
2720 11
1191 10
1711 10
1599 10
846 10
2783 11
470 8
849 11
471 11
472 0
739 8
1668 8
473 8
2673 10
474 8
2468 8
1190 9
2864 10
2870 14
478 8
2340 11
1866 9
479 11
2120 11
1205 12
1729 8
1768 8
1640 8
529 8
1432 9
1821 8
2996 10
1295 10
490 11
491 0
1415 8
2771 11
492 9
2847 15
2026 11
495 11
2328 12
635 12
496 8
2877 9
581 12
2463 9
1016 9
937 10
1163 10
2786 10
2948 8
1063 8
1983 11
2113 9
701 10
1321 11
501 9
2270 11
2193 9
2066 9
503 1
867 9
1164 12
504 7
1802 9
1611 9
2129 8
2685 10
505 9
931 11
532 11
506 10
507 1
957 12
2033 8
861 9
2023 8
616 11
2121 11
744 10
2326 10
2010 9
643 10
2818 9
1059 10
2894 9
2576 9
1077 9
515 8
1841 8
2061 9
516 0
1986 8
1224 6
1947 10
765 8
517 9
518 0
2854 1
1522 10
662 10
2937 10
1150 9
1820 10
1425 10
522 9
874 10
523 0
2136 10
1095 9
528 11
331 13
573 9
530 8
2930 10
531 0
2531 8
2094 2
1715 1
1497 8
1327 10
533 5
650 6
535 9
2805 10
537 9
2592 11
960 9
2554 6
1716 7
543 0
2229 1
1369 7
2279 9
1969 10
1426 8
2424 6
2142 6
1293 13
351 13
547 9
549 7
1378 10
2988 9
1847 8
446 10
550 1
1954 13
933 9
551 7
718 8
1490 9
554 10
783 11
1492 8
2231 8
1447 9
1157 13
1053 13
2808 9
2598 10
1417 12
969 11
561 1
562 11
1088 9
2670 10
1466 9
570 7
1420 8
2747 8
1897 11
943 10
645 11
1997 11
1650 10
1653 9
576 10
1881 13
577 9
620 14
2206 13
579 9
1659 7
582 11
2811 12
118 14
586 9
587 7
2186 9
588 0
2563 1
2471 1
2636 10
341 10
591 0
1894 9
791 9
594 10
595 8
1062 9
2318 8
2416 10
596 11
599 7
2054 9
2109 8
600 2
2396 12
601 8
1106 9
602 0
929 1
2283 11
685 12
1423 9
1406 11
2871 1
2881 12
605 7
657 10
1018 8
1503 8
2484 11
1110 11
611 9
1738 11
2779 11
691 11
617 11
1863 10
621 10
1818 12
0 13
2178 8
2947 10
1796 12
2427 11
629 8
2500 10
795 9
631 0
656 8
632 2
2627 9
871 9
1553 11
634 0
1742 11
1787 8
1506 9
640 0
2696 9
1011 10
642 8
2762 9
647 9
947 10
1519 11
1072 9
1460 7
2428 9
1255 9
2486 9
2244 9
659 0
2579 10
1683 8
2560 9
2796 10
2515 9
2488 10
666 11
1701 9
679 10
2569 9
2474 8
1727 9
869 10
1096 9
2923 8
882 9
1431 9
2175 7
1995 12
2158 11
1586 11
1719 13
678 9
2534 10
905 9
1171 10
1717 8
681 0
1446 11
2317 12
1267 6
2734 8
689 10
2765 9
2638 9
726 11
2941 14
1023 9
2900 10
2357 9
856 12
2395 10
697 10
702 9
71 14
1245 12
705 8
2197 11
1598 11
706 10
1757 11
708 10
1155 9
1262 7
2942 7
1464 10
2410 10
711 11
2149 8
1555 10
2133 8
1508 10
720 2
1942 8
721 7
2782 9
2072 10
1851 12
881 12
1046 10
728 11
730 9
885 13
735 2
1834 10
738 7
1656 9
2634 9
743 8
746 1
2400 7
1244 10
748 0
749 9
750 9
1114 10
751 0
752 9
1347 10
1207 8
1585 11
2470 10
1712 13
2173 12
1879 7
764 8
2057 9
1035 9
1788 9
767 1
768 0
2167 1
772 0
773 0
2096 8
1559 7
1945 7
2115 12
2723 10
781 10
785 10
786 6
2987 10
2516 8
788 0
1251 9
2691 8
2967 11
1618 11
2709 9
2810 9
794 0
1331 11
1371 1
1552 12
2370 13
2276 8
799 7
2441 10
1707 9
802 6
1562 9
2721 10
2715 9
808 7
1196 7
2757 8
870 13
812 8
1115 9
1663 11
977 10
1238 12
918 9
1647 12
792 13
823 11
2251 9
845 8
2281 10
2910 9
829 7
1158 10
1330 8
834 0
1578 11
1189 10
2613 13
840 6
667 11
2896 10
1770 11
844 11
1091 9
2542 9
2555 10
2892 7
1858 12
1176 9
2489 8
2110 10
1622 12
2819 9
2325 10
857 9
1438 10
1349 9
859 7
860 10
2476 10
862 9
912 10
1090 10
2243 9
2377 11
1433 11
880 9
2483 10
1121 11
886 0
2068 8
887 8
2814 9
2969 11
1355 11
891 9
892 0
898 10
1209 10
2866 10
900 0
2432 10
903 1
1577 11
2335 8
913 12
1615 10
915 8
1418 9
922 1
926 11
1627 2
932 8
934 0
935 9
1344 11
2450 11
939 10
941 8
1574 11
2485 9
945 0
1996 10
1268 9
1907 7
950 11
1576 7
875 10
1113 10
2744 7
2263 9
959 2
968 6
2124 9
2137 9
2908 7
972 12
2382 13
981 0
1153 9
2726 9
1824 8
1816 9
994 1
1204 9
995 8
1141 10
1695 10
1281 11
1006 1
1649 10
2803 11
1009 8
2093 9
1932 8
1677 8
1489 8
1013 9
1350 11
1019 12
273 13
1029 0
1279 9
1032 6
2508 10
2687 7
1033 8
2800 12
2349 9
2000 11
2681 11
1043 10
2778 9
1912 9
1055 6
1512 10
1060 9
1067 1
2220 2
1069 0
1505 10
2906 1
1074 0
1288 1
2856 1
1079 0
2356 10
1081 6
1773 11
1083 10
1084 7
1600 8
2557 13
2832 10
1089 9
2176 12
1827 12
2079 9
1159 12
2574 11
1097 0
1889 9
1131 10
1870 7
2452 8
1101 10
2207 7
1691 8
1116 1
1117 0
1118 9
1250 10
2603 8
1292 8
2252 11
1278 9
1127 8
2472 8
1428 8
2612 8
1135 0
1356 8
2414 11
2931 1
1136 0
2403 9
2138 8
1724 1
2774 1
2945 8
1746 8
1565 10
1147 0
2581 1
1832 12
2168 10
1575 8
1606 9
1167 9
1170 9
1911 12
1930 9
1175 10
1180 8
2007 9
1182 0
1389 1
1184 7
2306 9
1185 0
2122 9
2966 8
1188 8
1194 8
1252 9
1197 6
2679 8
2974 7
1754 9
2582 8
1206 0
2091 9
2440 7
1448 10
644 13
1765 11
2532 7
2549 9
1223 0
2305 7
2018 11
1230 7
1235 5
1236 8
2812 8
1243 0
1639 7
1790 9
1967 9
1927 8
2293 8
2584 9
1261 10
1264 8
1266 0
1591 11
2250 7
2922 9
1289 9
1305 7
2339 10
1311 9
1314 0
1319 0
2541 12
1403 10
1882 8
1323 0
2853 8
1342 0
1346 1
1629 2
1353 12
1360 0
1367 8
2418 9
2867 8
2587 11
1990 12
2594 10
1374 1
1376 8
2704 7
1532 12
1397 0
1404 2
1405 1
2626 8
1771 8
2738 9
1430 7
1186 12
2858 6
1437 0
1440 8
1442 2
2087 9
1817 8
1451 8
2958 9
2036 8
1457 8
2526 9
1470 0
1472 0
2884 1
1646 9
1483 8
1909 9
2401 9
1722 12
2012 9
1494 1
1504 0
1566 8
2389 8
1523 0
2209 9
1530 9
1533 8
1550 9
1819 8
1541 0
1672 8
2117 8
1545 0
1547 0
1548 8
1549 0
1872 8
1925 8
1793 9
2284 8
2319 9
1579 0
1581 0
1589 0
1605 0
868 13
1630 0
2156 7
1634 0
2374 1
1643 8
1799 11
2797 7
1978 8
1641 1
1648 7
1651 7
1652 0
1959 7
2491 10
1660 0
1667 0
2372 7
1669 0
1678 0
1679 9
2898 7
1681 0
2445 8
2891 5
2011 9
1704 0
1728 9
2886 11
2990 6
1747 0
2248 1
1749 0
1750 0
1920 11
1758 2
1923 7
2350 7
1761 1
1776 9
1777 7
1791 0
1792 0
2564 7
2648 8
1808 8
1830 0
1840 8
1836 0
2711 1
1837 8
2977 9
2543 8
1868 7
1869 0
1880 1
1887 0
1890 0
1891 11
2600 8
1895 0
2288 9
2177 11
2706 9
1946 0
1962 0
2571 1
1976 9
1981 1
1988 0
2102 1
1999 0
2003 0
2013 8
2028 6
2614 8
2045 0
2048 0
2053 0
2056 0
2986 1
2512 9
2632 9
2791 10
2145 8
2126 0
2134 10
2141 0
2143 0
2852 7
2154 1
2159 0
2682 9
2834 8
2174 0
2180 0
2544 1
2187 0
2188 0
2198 1
2200 0
2216 0
2225 0
2226 0
2245 0
2265 0
2266 1
2267 0
2274 1
2539 7
2607 8
2291 0
2399 1
2315 0
2320 0
2727 1
2321 8
2434 7
2589 7
2359 8
2367 0
2387 0
2390 0
2402 0
2429 0
2438 0
2442 0
2443 0
2444 0
2885 9
2494 0
2497 0
2520 0
2552 1
2536 0
2547 0
2548 0
2567 0
2586 0
2601 0
2982 8
2605 0
2610 0
2624 0
2862 8
2643 0
2658 0
2667 0
2678 0
2700 1
2702 0
2707 0
2708 0
2736 0
2745 0
2733 10
2793 0
2869 1
2820 0
2876 1
2822 7
2831 0
2872 0
2890 0
2902 0
2909 0
2913 0
2915 0
2921 0
2925 0
2956 0
2959 0
2989 0
