0 25.6808369177 
1 17.3956573369 
2 13.1275076667 
3 20.5577898982 
4 19.1218992573 
5 24.710072851 
6 20.0074796778 
7 25.8909670638 
8 21.91291848 
9 21.4990682079 
10 23.4350080252 
11 17.0111977907 
12 20.9970584961 
13 22.8851148009 
14 27.3308815202 
15 22.0748953659 
16 24.4943612577 
17 21.1336508163 
18 26.4417723882 
19 26.0975366912 
20 29.5984649292 
21 18.3347898938 
22 34.0014436952 
23 30.6885751046 
24 19.9528135415 
25 18.7032019339 
26 24.5285838579 
27 24.1316590388 
28 18.8681223341 
29 24.192830733 
30 22.2905268928 
31 17.7378049285 
32 24.2009131459 
33 22.1124512855 
34 15.5801921539 
35 29.7899505656 
36 38.5664759754 
37 20.8672271966 
38 19.4397546287 
39 17.9565954702 
40 20.608689503 
41 26.9192519628 
42 27.5301846582 
43 32.2528481803 
44 23.1880782159 
45 21.1082011124 
46 20.1116878408 
47 23.5676896682 
48 19.1791480225 
49 21.8620989457 
50 0.210660593183 
51 25.4294854829 
52 17.8222720344 
53 25.6187297966 
54 19.4494255973 
55 0.646909856251 
56 29.8863463967 
57 28.2951215547 
58 18.3538426754 
59 29.0153196522 
60 26.9357444992 
61 22.959545563 
62 30.1599927254 
63 18.9226328135 
64 24.0486933399 
65 22.3964027584 
66 16.7533299293 
67 15.6929978276 
68 11.3240432269 
69 21.1191449776 
70 20.6055422498 
71 19.1352688592 
72 20.5348569916 
73 23.183790021 
74 19.5368521066 
75 11.0260325839 
76 21.9875946481 
77 20.6939775379 
78 26.5323604127 
79 22.7324441765 
80 21.1409068067 
81 21.5847228085 
82 23.8499601968 
83 30.574097566 
84 14.6044466563 
85 26.0181632497 
86 29.01745392 
87 24.6584134659 
88 21.5239103155 
89 20.9422764987 
90 17.2446772301 
91 20.5915971582 
92 21.7324183733 
93 21.9560715701 
94 20.5044767433 
95 21.8583023581 
96 20.40416101 
97 24.8511697779 
98 20.271439624 
99 14.7547342483 
