2220 8
7925 5
2297 7
5373 6
2846 7
3189 8
4541 9
499 7
5949 10
2537 7
3895 10
2045 8
9734 8
4351 8
6012 10
4534 6
4403 9
8654 6
7608 8
4708 5
8721 8
214 6
9758 8
6270 6
1713 9
9389 7
1086 8
1977 7
2116 9
6066 8
7734 7
577 7
1664 8
7324 6
1677 9
9270 5
6739 8
1234 7
5828 8
2684 7
3470 8
6559 7
9855 8
8352 8
345 6
2048 8
9719 8
4950 6
8626 8
7470 7
5973 8
6754 6
4306 8
1137 6
8429 7
1339 6
3013 7
6926 8
4547 8
223 7
7751 7
3429 7
8124 9
5198 7
5112 8
4919 6
333 9
7166 6
1265 8
8973 6
7611 7
4226 8
4697 9
1047 8
8163 9
221 5
9959 8
9353 6
8483 9
9752 6
4879 7
9845 7
7477 9
5306 8
1053 10
9576 6
9068 6
3200 7
8059 9
9144 7
4291 8
7995 8
2829 9
6159 8
6421 9
9300 7
7956 7
9195 7
8424 9
6402 7
9454 9
2787 7
7974 9
7193 6
770 7
7656 9
7399 6
6200 5
9328 6
7593 7
9330 7
4111 8
6511 6
6096 7
522 7
6849 8
3330 6
1755 8
3511 7
735 8
7541 7
2 8
1564 7
7979 9
8677 7
7486 9
1319 7
8315 7
8821 8
5499 7
3206 6
7564 8
3544 7
6892 8
6866 6
2833 8
6720 6
3005 8
7458 7
3032 9
5931 7
3767 8
1453 9
591 7
9978 7
9724 8
9176 7
2042 8
6927 7
4654 10
1906 9
7618 9
8413 6
7698 8
150 5
9578 7
2852 7
7100 9
3581 6
3667 9
689 6
4117 10
7068 6
8500 8
1076 7
7742 9
8407 7
6797 9
2732 8
6709 7
3016 6
9305 8
6713 6
2725 9
6798 6
896 8
3883 7
9111 8
7791 7
2356 9
8616 7
9679 8
6286 7
5055 8
309 6
6803 7
9812 7
8265 8
1575 5
876 9
6587 6
7531 8
4519 6
2352 9
971 7
4688 8
7088 7
9644 8
1793 6
981 9
3649 6
7632 9
452 6
6823 9
4472 9
7134 9
7505 6
2302 7
8216 5
4890 9
6408 7
3714 7
9334 7
4357 10
4825 5
1139 7
5454 8
7374 6
4721 8
506 7
7588 9
4546 6
3245 8
2740 6
7565 9
8191 9
449 6
7067 9
7169 6
1675 8
587 7
4060 8
9323 6
4039 10
8641 6
3564 9
6160 4
208 9
9054 6
314 8
6685 6
3114 9
3290 7
9289 8
1814 6
6851 8
45 7
9197 8
945 7
3718 8
2169 6
8622 8
9914 7
9155 7
5843 6
6667 8
4505 7
1903 5
2679 7
4368 6
3869 8
5316 6
5738 9
5590 7
1753 8
1119 6
5445 9
5827 6
9965 9
2476 6
5346 9
2601 6
3342 9
2622 7
594 8
4847 7
641 9
6043 7
1240 8
4067 6
2900 6
3448 8
3716 7
5604 7
3447 6
4062 8
1066 6
8075 9
2196 6
5292 9
2973 7
9653 9
3018 8
4809 8
2131 7
2005 8
7635 7
3645 8
5684 7
5947 9
9728 7
6385 9
485 7
8833 9
3190 7
2820 8
2662 6
7582 9
4085 7
6671 8
6932 7
6042 8
4029 7
3249 8
3095 6
2040 8
6808 6
6748 8
7248 8
5210 7
9410 6
9359 9
9415 7
3385 9
1556 7
5211 7
194 9
6003 6
4906 8
157 7
562 8
2558 6
6505 8
7545 6
6391 8
8914 7
2904 8
3604 6
3273 6
1061 9
7876 8
4998 9
7951 7
7027 8
9756 8
8359 8
9537 6
6750 7
3960 7
9458 8
7947 6
9892 9
1585 7
3591 7
3687 7
2940 9
2819 5
4378 8
7778 7
8225 7
1475 6
6156 7
447 5
434 8
7750 6
6561 9
8393 6
9966 5
6446 6
5876 8
133 6
1805 8
6879 7
3806 9
9232 8
1895 6
8572 7
2375 9
3 6
9331 9
9170 7
8204 8
9908 7
6100 8
6297 6
5354 7
6568 7
6874 9
2237 6
1378 5
3467 6
7677 8
3168 7
5580 7
7444 6
3695 8
4956 8
4448 7
517 7
9989 8
8400 7
5344 8
8853 6
2493 5
2138 9
9876 6
4861 8
8295 8
2563 7
5997 9
4524 7
3242 8
4043 6
9774 9
8491 8
2590 7
4331 9
4645 6
3181 8
138 6
7119 9
4016 6
9244 8
8744 8
7310 9
5900 6
8974 7
654 9
2234 6
6978 9
2211 7
7409 9
5239 5
1610 6
1960 8
614 5
6650 9
748 7
1641 8
3789 8
411 7
6721 6
6882 8
7571 7
8306 8
6623 6
5403 8
313 6
6730 7
4939 7
406 8
4720 7
8992 7
2554 8
5896 6
7941 7
8416 7
1469 9
6464 7
2918 9
1174 8
3955 7
9184 6
6403 9
8839 7
4724 8
1103 7
3253 8
6279 7
2869 8
3501 8
179 8
1822 6
3669 8
1587 6
2171 6
4570 6
8095 7
7253 6
625 8
1062 8
7845 10
9424 7
559 9
7989 6
9431 9
8637 7
7970 7
7605 10
4271 7
427 8
9597 9
6113 8
5618 5
160 9
1168 6
2506 9
7329 6
4440 8
2999 6
9705 9
5714 7
6916 8
9599 6
6936 8
4052 6
6731 9
2604 7
2603 7
349 6
1963 7
4283 6
1001 8
2164 6
6230 8
8758 5
713 8
6979 7
9427 9
699 6
3682 9
7978 6
5250 6
6084 9
1432 8
3184 6
6886 6
8568 7
3481 9
6341 8
7295 8
7209 7
6258 6
565 9
6796 5
4050 7
6974 8
6857 6
5948 8
2995 6
5386 8
228 7
9230 8
7857 5
5068 8
5851 8
6665 6
7604 7
3350 7
3567 9
930 7
4451 10
5325 7
8423 6
3278 9
601 7
2432 9
4230 6
838 8
9311 6
2120 9
6026 6
9131 8
4968 6
9889 9
872 5
8751 9
1533 6
9552 9
3514 6
9502 9
2818 7
2425 8
66 5
1583 8
7621 7
1749 9
1532 7
4666 6
578 9
9491 6
544 9
6139 6
3144 9
8322 7
722 8
3288 9
2716 6
5779 7
7510 7
136 6
4571 5
2585 6
3580 8
7561 7
9603 9
5899 7
1461 8
8648 8
1741 8
3717 7
5438 10
2955 6
2821 7
8692 7
8492 10
4436 6
6576 8
757 6
6418 9
2524 5
9523 9
6765 6
2168 9
8321 6
7196 7
6093 9
436 8
3592 8
6896 7
934 8
6299 6
980 9
187 6
7988 9
1561 8
701 8
3508 8
5623 6
5766 8
4914 7
1954 7
467 8
502 9
5115 6
694 7
3482 8
2774 6
2646 8
8367 7
5131 7
5187 7
670 9
9277 7
1187 9
7372 8
6863 8
1227 7
5339 8
4170 6
8224 8
8592 9
9143 8
6496 6
7258 7
9984 7
8141 9
9598 6
4446 8
6180 7
5823 9
5205 7
1425 7
4110 6
8056 8
4616 6
2899 8
9864 7
3681 8
8437 6
1439 8
549 6
1405 6
3845 7
7936 9
8404 6
3745 6
7866 6
1429 7
8872 8
7595 8
3764 8
8085 8
2915 6
953 8
2458 7
93 8
2711 6
5475 8
9980 6
8497 6
7060 6
8475 8
808 7
303 6
8942 6
4747 8
8659 5
3390 9
7853 7
7815 8
2825 8
296 10
8233 8
9571 8
3225 6
2756 8
8457 5
4157 6
6033 9
4263 6
9772 10
3821 8
7733 8
737 7
1625 9
5571 5
7049 6
905 7
2274 9
1783 7
1598 8
4442 8
2286 7
3440 8
6123 8
3951 7
4131 8
7706 7
8898 9
9786 5
8438 8
2997 6
3615 6
6817 7
3311 9
3643 6
9198 9
9066 6
571 8
1486 7
3760 10
7076 7
7891 7
2698 7
3541 7
4859 7
8585 5
6461 6
1609 9
6109 6
2240 8
5578 5
2699 9
3532 6
5597 8
3427 7
1919 7
5219 6
4114 6
1931 8
9036 5
8171 9
6899 6
8055 8
978 6
7387 7
2401 6
320 9
2773 6
9543 8
3859 7
4410 8
6679 6
2677 7
2259 7
3494 8
7573 7
8545 9
7553 7
3433 9
8834 7
5208 8
5352 7
5742 8
7881 6
3007 9
2517 5
7226 8
307 5
5712 10
3666 6
2428 8
5075 7
4935 6
3347 7
6728 8
3426 8
3815 6
2866 7
4338 8
1602 8
5650 8
5654 9
4204 7
6001 9
7424 7
9429 9
5588 7
7514 5
9035 7
1728 7
3722 8
7488 8
5106 8
9567 6
6376 9
2587 6
817 9
9083 7
8896 9
5591 6
6390 8
480 6
4126 8
4812 7
1809 8
6080 9
5664 6
6793 7
6741 6
9545 7
950 6
1992 9
1802 7
2619 8
6052 9
6711 6
1835 9
7905 6
1873 9
7289 7
8657 7
1981 8
8578 8
1134 6
5365 8
1421 7
6873 7
4924 5
9138 7
328 8
8840 8
3894 7
6839 8
381 7
2279 8
1836 8
1423 6
282 8
7369 7
8010 8
1868 5
6405 9
1646 6
6429 8
1607 7
2308 7
7964 9
4320 5
6313 9
4997 7
3997 9
7371 8
5486 6
4121 6
2033 7
7334 10
2355 8
1751 8
7006 8
4922 8
3735 6
4777 7
5790 8
1986 7
6013 9
7596 6
5375 8
8593 7
2801 8
3785 9
6151 9
8770 6
7722 7
7920 6
6980 6
7731 8
1655 7
1962 9
2311 6
5253 6
7390 7
5388 10
6068 6
6968 7
4311 8
9162 6
8487 8
7942 8
1859 9
6154 8
8313 6
5657 9
5407 6
2675 9
2143 8
9741 6
4391 7
3598 8
1379 7
3357 7
3769 8
8949 5
6757 10
9660 6
2487 8
7392 7
9790 8
4057 7
2783 7
1672 6
5909 8
5529 6
10 9
3589 7
2782 8
9466 6
504 8
6077 6
493 7
9997 6
7828 8
2692 7
9259 8
2754 7
26 8
662 7
1243 8
2086 8
3285 7
7837 8
6635 8
7671 7
468 8
8547 8
1407 6
8825 9
4814 7
7689 8
6244 7
6889 8
6751 9
6205 8
8446 6
2009 6
1811 8
3861 6
8181 7
2861 8
7384 6
5158 9
1184 5
358 8
3826 6
1075 9
1897 7
5856 5
4649 7
6615 8
5555 9
2643 7
1261 6
2694 9
287 8
6372 8
6351 6
3439 9
4671 5
8579 6
1557 6
4459 8
7809 6
8454 8
727 6
5683 6
2688 9
3236 8
2340 8
5910 6
172 9
5511 7
1693 7
4041 9
1560 5
3022 10
9626 9
3538 7
2189 10
3622 6
3576 8
2451 7
4806 9
9586 7
8084 7
9269 8
6989 5
6934 9
5562 7
8901 9
2898 7
5739 7
9590 6
1387 9
115 7
2532 8
3885 5
8038 8
2676 8
7858 6
5821 7
4701 8
1975 6
8044 8
4593 7
6380 7
9375 7
3217 10
8727 6
2906 8
839 7
7111 6
5515 8
7090 9
5376 7
7965 7
7590 9
9883 7
7368 8
132 7
554 9
6792 7
3810 9
5629 6
4286 7
5465 7
812 7
9890 8
4211 7
9674 8
1397 7
8502 10
3126 9
8080 6
9686 9
2835 7
7174 9
6137 5
3251 9
6041 6
1131 8
1045 6
9113 9
2100 7
8996 9
4201 6
5395 8
8618 7
9010 6
8556 7
4931 7
5146 8
8338 7
374 8
8259 6
7802 9
6680 5
8287 9
1493 9
9873 7
8088 8
9596 7
999 8
4827 7
1160 8
4042 7
1825 7
7201 7
1087 10
7767 6
8187 10
3941 6
7312 7
1084 7
972 5
4259 9
779 6
2791 6
8777 7
8388 8
3773 6
3025 8
7983 7
5531 10
8339 7
59 8
5366 6
4313 8
5317 7
8005 10
2156 5
8977 9
8747 8
8213 8
1297 7
6237 7
6108 8
6966 7
4383 7
2860 6
1476 8
6263 6
7191 8
4945 9
5337 6
2969 9
4852 7
412 8
3117 6
5819 8
5460 7
9868 9
8739 8
3867 9
444 6
9994 9
7421 6
6724 8
9483 6
908 8
2254 6
7302 6
1386 8
7633 6
8108 8
4156 9
2634 6
6628 7
3823 6
6835 6
6333 8
6853 5
8551 9
9828 6
9347 9
8863 5
7007 10
5677 7
1703 7
6163 9
2998 6
9909 7
9931 5
2572 8
1312 7
72 6
9920 8
4994 5
302 9
3915 7
781 7
2988 7
1022 8
3432 8
621 9
8131 6
191 7
8361 8
1769 8
6175 6
6694 7
2322 7
8749 5
6960 9
5303 8
6368 5
9346 8
7010 5
3945 8
178 6
2951 7
2920 8
3536 7
580 8
6945 6
1766 8
6787 7
6937 9
893 8
5642 9
9566 6
8448 8
8932 9
8307 5
6763 9
9192 7
1209 9
6323 5
4826 6
2435 6
8876 7
3814 6
6392 7
4409 8
126 7
5116 7
858 9
5573 8
6809 7
4633 5
1774 6
6786 8
7577 7
8366 6
6216 6
7011 8
2437 6
1133 8
5213 9
2373 7
6142 8
8333 7
6057 9
6107 9
5332 6
9627 9
9467 6
2248 7
7342 6
1892 6
8032 9
1856 7
4774 9
7894 7
2187 8
1893 6
3911 9
5929 7
2358 8
970 9
8399 7
5534 7
1521 7
6821 8
8623 5
3553 10
4841 5
195 9
4966 6
6336 7
392 8
7377 6
6652 5
6867 8
8980 7
9023 8
4154 8
1880 6
634 7
4245 7
7263 8
3965 7
6433 5
3668 6
855 9
2194 8
5765 6
5083 8
7820 6
8115 6
9986 6
8832 8
1538 8
5064 6
6169 8
2926 9
6208 7
2081 7
6690 8
7422 8
4455 6
6121 8
2919 8
539 9
6304 7
4820 9
5626 7
9219 8
2690 7
4700 7
6954 5
2323 9
1308 6
259 9
7366 6
6134 7
8280 10
6801 8
6804 8
2561 6
7567 9
6581 6
758 6
3488 9
8871 6
9241 7
4728 7
7519 8
6269 6
6861 6
5479 6
8738 9
3644 8
3469 6
1578 10
1152 7
6219 8
2945 8
4815 5
461 9
2709 6
1246 5
3313 7
7379 5
5381 9
8970 6
32 9
9450 7
8043 6
3296 9
8212 7
765 7
3232 9
8142 7
8515 8
9921 6
3755 9
852 7
8417 8
3089 7
8963 7
1060 9
7691 9
8771 8
7347 6
7326 9
1443 10
3271 6
4305 8
5463 9
4207 6
4398 8
9995 7
9046 9
5428 7
1946 8
469 6
1657 7
8192 8
9781 6
7046 7
6987 6
3613 6
319 8
1038 8
9161 8
9421 6
5137 5
3299 7
3787 6
6761 7
1961 7
4192 9
6285 8
8317 7
4127 7
1959 9
4828 6
7417 9
6901 7
7937 5
7672 10
8330 7
9557 7
7091 8
9115 9
631 6
2944 6
6250 7
9169 7
7464 9
1772 6
7551 9
9220 7
3935 10
5334 8
6065 7
1969 7
3369 6
5481 7
3320 7
875 7
5399 7
1242 8
8581 8
7670 6
7150 8
4416 7
272 8
7764 7
2022 9
5111 8
4719 4
8778 8
1516 6
4793 8
5860 7
942 7
3843 7
6881 5
1268 6
7199 6
167 7
2059 7
9843 7
9085 10
6883 6
152 8
4582 7
1416 7
2282 6
286 10
2325 6
3597 8
2641 6
7135 8
9657 6
7307 9
7558 7
2640 8
8498 6
119 7
4611 6
7813 5
4255 9
8920 8
3438 8
9341 6
4982 7
6717 8
6534 8
6035 7
9941 9
1577 5
6848 8
9531 7
8087 9
256 6
1842 8
540 6
4366 8
8835 7
8919 7
4522 9
3446 6
6005 8
5605 8
4341 6
1185 8
3010 7
1073 8
6053 7
2589 8
2482 7
1665 10
664 7
7271 8
5057 8
874 4
5892 6
6634 8
7246 6
3569 8
3062 7
1929 8
6897 5
3540 9
1683 8
2504 7
2185 7
8755 6
2139 8
2664 8
1956 9
6827 5
5982 9
6491 7
1972 9
1399 7
7400 9
1400 7
7496 8
3833 9
9362 7
4795 8
4596 8
5383 7
6555 9
1858 7
3237 9
8057 6
1024 8
1701 8
4243 8
8195 5
3908 9
9406 10
6532 8
8293 8
7471 7
8809 9
1922 6
3186 8
824 7
2201 7
7667 6
7536 9
2864 6
5229 8
6917 6
2015 8
1936 8
803 8
3413 9
4623 7
6738 9
7429 6
673 9
3224 8
3083 6
4893 8
7034 6
7719 10
9634 7
3340 9
3611 7
1411 9
6486 5
357 9
8112 6
3825 8
8522 8
4936 6
4900 6
2760 9
8384 10
1255 8
2364 9
7413 6
7465 9
9963 9
2981 8
9615 7
3692 9
9265 6
2215 7
1551 6
3097 7
9027 10
6513 8
9434 6
7247 6
8552 8
2863 7
4951 10
3486 9
7355 6
1971 7
4732 6
215 8
991 6
200 8
9177 10
3487 9
3566 7
1999 8
2793 6
7113 6
3750 8
885 7
2626 8
5318 8
3944 8
4119 9
9327 7
4566 8
4476 8
6227 7
7509 6
3343 9
4046 7
4066 7
9797 9
1636 6
7385 9
6369 6
61 9
6248 6
6103 7
611 6
40 7
7969 6
2903 9
3546 7
7900 6
4288 8
3916 6
7720 8
5651 5
5071 8
4221 6
8760 7
9549 7
4317 6
4294 7
7382 6
7020 6
8116 9
9727 6
3593 9
3853 7
9946 8
5525 9
6254 7
6417 7
1201 5
2624 7
4977 6
2012 7
6705 6
3874 9
4555 5
3551 9
8783 7
7320 8
6807 7
3305 6
1404 9
2128 8
20 8
8873 6
9392 7
3322 6
4767 9
3193 7
9256 9
6022 7
5235 8
8650 7
6172 7
3550 7
5891 7
5674 6
2416 9
9163 7
6179 8
6489 6
9818 8
3610 7
3969 8
4855 9
9955 7
4552 9
5121 5
9639 8
2459 7
7783 8
3879 9
7224 6
88 9
3339 8
5661 6
9826 7
6339 7
7603 7
1072 9
5679 8
431 9
7145 7
8223 8
4782 6
6888 11
1821 9
7019 9
2148 5
2552 8
1973 7
8734 9
6232 7
6061 7
9437 6
4124 7
5157 6
1006 10
4539 8
5171 7
199 6
146 7
8377 8
4004 8
2721 9
1426 6
3416 9
5540 7
6334 9
3071 8
1779 8
1928 9
9958 5
284 8
41 9
2499 8
9088 8
2958 7
252 9
6693 6
9525 10
7476 7
5322 8
597 9
9051 6
4902 8
7158 7
7709 9
7124 8
8135 6
909 6
1349 6
9777 5
5814 9
8037 6
8756 8
9168 9
3552 8
1148 9
1985 6
9099 8
4567 7
4932 8
5635 8
5434 7
3159 8
7736 6
3515 9
6295 7
8709 9
1183 6
8035 6
8291 8
2269 8
5400 7
8155 10
7878 6
6028 9
8773 7
44 6
7674 6
2750 6
9991 9
8991 7
1907 9
6454 7
952 7
7620 6
1055 7
2228 6
6221 6
3820 7
6105 8
5058 8
3428 6
5067 9
9126 7
4572 8
9221 6
7542 7
2041 7
5638 9
984 8
2990 7
1331 6
4773 8
8395 6
1141 10
2429 6
3218 9
4194 7
3104 7
4784 8
9529 9
1396 7
3492 7
4831 6
2293 9
7948 6
4712 9
2276 5
4512 8
438 7
8573 6
7236 10
1702 6
2135 9
3289 6
400 8
3731 9
4122 7
8426 8
442 6
5026 7
3252 5
3642 9
2402 6
7038 8
2800 7
6885 10
612 7
3753 6
188 8
5913 5
8647 8
9684 7
9211 5
6760 8
5601 8
3059 5
6712 6
7801 9
5368 8
8741 6
4249 7
2028 5
7568 7
6946 8
7927 6
1118 9
9795 5
3272 9
5107 8
5582 8
5512 9
5277 8
6747 6
8297 10
8972 6
6303 9
8006 7
6266 6
7322 5
7171 8
2469 8
8344 5
4025 6
9441 7
7962 7
5722 8
6833 6
5937 8
7304 8
9227 6
5902 8
6030 7
2395 7
7700 9
6782 6
8184 7
7218 8
3430 7
9044 6
3274 8
4577 5
4104 5
4660 9
9618 7
537 7
7879 7
9188 9
2113 6
8589 9
148 7
5304 8
5359 8
8412 6
7176 8
5890 6
6366 8
2278 8
8906 9
5456 8
2122 9
2531 6
1346 8
4949 8
7814 9
9315 7
1374 7
1512 9
3490 8
7896 7
4669 9
7599 7
1287 7
9413 7
640 6
7023 8
2370 8
8707 7
8826 7
3763 6
7761 8
8447 6
682 9
2343 9
1309 7
9954 8
2088 7
3804 8
7484 6
9462 7
2949 9
9070 6
9158 7
2331 9
1035 7
8523 8
718 6
7241 8
9829 7
3393 7
121 8
1440 7
3077 8
8757 8
9171 6
849 8
4163 9
9484 5
268 8
4621 6
9551 8
9119 7
2384 8
7546 5
6613 6
2132 10
6744 9
9731 7
2053 7
2491 8
9445 5
8051 8
9732 7
8017 7
289 9
4961 7
5744 8
9581 9
2614 5
4958 9
1804 8
5553 6
9785 10
3391 6
3458 7
3934 6
2265 8
5496 8
1748 9
4452 9
8849 8
9255 6
8251 8
2848 9
7625 8
5099 7
1088 9
4293 8
5034 5
4661 7
3505 8
7710 5
6305 7
6436 9
2971 7
9194 8
5032 6
8673 6
4237 8
535 6
109 9
3778 8
4975 7
7852 8
4643 6
8408 7
7888 7
4480 8
3502 6
2129 7
5159 6
6780 7
9511 7
6174 8
5678 6
1114 8
6548 7
5101 6
1328 9
3015 8
2262 9
4713 9
1496 6
9396 6
1831 7
6432 10
6620 7
9879 9
8964 6
5681 9
1285 6
1410 8
4478 6
7279 9
5632 6
73 8
8188 9
6847 9
9428 7
5671 10
2178 7
6235 6
7807 10
2394 6
5167 8
5520 7
9374 9
6171 7
6602 8
6562 7
6411 8
7652 4
8576 9
1310 7
3379 8
593 6
6844 7
5516 9
3864 7
6895 8
7526 7
9378 9
1430 6
512 9
3706 8
739 6
7308 8
5975 6
4458 9
4866 6
8857 7
6294 9
6708 7
8995 9
2689 7
1495 9
6658 8
8018 7
8706 5
2219 8
6943 6
8312 9
7012 6
9092 9
5988 6
2865 8
42 5
3162 8
1674 8
3694 7
1729 8
9527 6
7859 8
1837 6
9254 9
3495 6
4300 8
1020 6
7095 10
6072 7
2049 8
1505 7
5777 7
9998 9
3158 5
8612 8
9098 7
1653 8
5978 6
6083 6
4760 8
2795 8
703 5
5806 7
1135 7
9768 6
2158 8
7084 6
9532 7
239 6
8207 8
5797 7
5422 6
7705 9
2964 7
2733 8
2985 6
1288 8
8357 7
7404 9
3977 8
9404 8
1913 9
9718 9
3483 7
6213 9
5906 6
6684 8
6908 7
1363 9
6779 6
2500 8
877 6
1359 7
8064 8
9127 8
9847 6
3587 8
4419 6
5861 7
462 7
2628 9
6941 8
9402 9
3736 7
6681 7
8646 8
5575 8
4361 6
7725 9
5283 6
9204 8
2978 7
3512 8
4287 9
4310 8
1193 7
8456 8
7195 10
1965 5
7744 7
3409 7
1790 9
8892 7
9825 9
6120 8
5640 6
2410 8
777 5
2591 8
6850 6
2036 5
3408 7
4680 8
2320 8
9052 6
6642 7
7648 5
210 9
356 8
9683 6
6314 9
1994 7
6977 8
794 5
2781 8
6574 10
2726 7
6907 7
7540 6
2661 9
473 6
352 8
3594 10
8894 9
6132 7
3108 9
7840 8
477 8
2834 5
8902 6
9364 5
1658 9
5551 9
9073 6
582 8
5326 8
2202 6
3703 10
5570 8
5347 7
2584 9
726 8
8132 7
2715 9
3832 7
764 6
9286 5
7619 9
8766 6
2484 8
5747 5
362 9
5442 8
630 6
5518 9
1391 7
9512 8
6364 7
4375 8
4429 7
7097 9
456 7
9983 9
3014 8
5964 9
7189 6
7798 9
8373 7
9708 9
8271 8
4772 7
8548 7
5427 6
3749 6
155 6
1593 8
5203 9
9145 8
1403 9
7922 5
103 6
277 6
6355 8
1015 6
5126 7
947 8
5298 6
7232 9
6606 7
1662 9
2748 7
8883 8
6241 6
8652 8
7829 7
4627 9
4858 8
2789 7
5880 9
5444 6
3984 8
2090 9
1816 9
417 8
8283 8
5794 6
135 7
9870 9
2495 7
948 9
716 8
5630 6
6086 8
2434 8
325 7
2671 9
4095 7
1481 7
5225 5
6902 7
9720 6
1438 9
6206 7
6783 8
2408 7
8937 8
7187 6
102 8
293 8
9570 8
680 8
2616 5
482 8
8025 7
5042 6
2908 7
9274 8
1545 8
6956 6
9097 10
4637 10
5078 5
4832 10
1896 6
4103 8
2707 8
2678 6
7874 8
2360 6
7297 8
1504 5
3798 7
3679 9
7414 9
9519 6
7933 8
1724 7
1296 8
5492 8
9142 7
2353 7
8844 9
4848 7
6149 8
6538 8
9821 8
4424 8
6015 6
5501 8
2743 9
5614 7
1333 8
1546 8
9248 9
2851 8
3431 6
1229 8
6933 8
8356 7
1696 9
8666 6
9295 10
1996 6
1093 9
7787 7
3727 6
6349 7
3310 9
7697 6
6008 7
7131 9
7365 8
5788 7
1036 8
1875 9
5237 10
2547 6
92 6
2657 9
8473 7
4990 6
6579 6
6735 6
9672 5
5437 6
9487 7
5065 8
8917 8
6209 10
4676 6
6048 9
9673 7
5469 8
2649 7
7622 9
5077 7
6918 8
6554 6
9524 8
6393 8
4796 5
1705 9
9969 7
8517 8
8831 9
9546 7
1841 7
4993 7
7328 7
4563 8
9607 6
8663 8
6541 8
1695 9
186 8
8586 7
6775 9
1102 6
3223 8
1815 7
6224 9
2744 7
8702 9
9490 6
3324 6
9336 8
2030 6
3377 7
2792 6
3664 8
8604 8
3375 8
5634 8
4844 6
8570 9
1078 8
4787 6
4075 7
8976 6
4073 7
2464 6
1810 7
3035 7
5606 8
2668 6
8861 6
5358 8
7906 7
7864 9
789 6
8370 7
8856 5
6356 6
623 10
6566 10
4233 7
871 9
4181 7
8392 7
743 8
6959 7
9118 8
1259 8
3803 6
7617 6
5901 8
1281 7
9773 9
1218 8
9032 7
7204 8
6834 7
3422 9
6777 6
6923 6
9970 7
6014 7
1082 6
6729 7
815 9
1833 6
9682 6
5413 8
3037 8
1529 9
5061 4
6457 8
5782 5
7913 7
4390 9
4197 7
7532 8
883 7
2303 5
9356 8
8020 7
4457 8
8014 8
21 8
2241 10
4208 8
9110 6
5491 9
3367 6
2291 8
7812 9
312 9
8546 9
9290 6
8534 8
3195 6
3376 9
4091 7
4009 5
6067 9
3105 7
8921 6
2427 7
1448 6
8490 8
4749 8
6389 6
7666 9
1916 7
3247 6
666 10
8607 8
6150 7
1000 6
3962 8
4884 7
830 8
8731 6
2580 6
2539 9
8947 6
2119 6
1161 9
4386 7
7106 7
732 9
4836 6
5907 9
4670 7
3239 8
1195 6
225 9
5764 8
5847 8
1515 7
2837 9
6939 7
2296 7
459 8
5050 9
7805 6
5135 8
9393 9
4182 8
51 9
5662 9
3275 8
4917 6
5719 6
105 8
5895 6
8730 6
7080 7
3506 10
4764 7
9865 9
4186 5
116 7
8308 9
6551 6
619 6
5750 7
9053 8
672 8
1568 8
114 7
7987 6
2125 9
6778 6
7391 8
8264 7
4387 7
9619 7
7572 6
2492 9
2398 8
2415 9
75 6
5273 8
4681 7
4771 9
3203 9
2987 7
4213 7
1092 8
959 8
7934 5
6900 9
9923 7
2980 5
5603 9
3972 6
2380 8
9190 6
8138 9
8752 7
9292 8
6196 7
4109 7
2001 8
7397 6
1357 6
2137 9
1958 5
6524 7
4071 7
231 7
929 6
353 7
2849 8
1225 8
4575 6
8685 9
1267 8
7614 8
751 8
9475 7
3110 9
5482 6
867 9
9202 4
7836 6
4873 8
7130 7
2454 9
2091 6
8290 9
6604 6
5888 8
3419 6
4120 8
7370 6
4800 9
8374 6
3287 6
0 7
2270 8
8503 6
1736 9
3519 7
7623 5
8179 8
4696 7
4735 8
1489 7
8220 9
3079 5
1224 8
5044 7
4736 6
2728 7
1850 6
237 5
9350 9
425 5
8161 9
5074 8
5699 6
6772 6
9065 6
3582 9
853 8
4635 7
3547 7
7957 7
7112 6
7781 8
5881 6
7665 9
1027 6
6098 8
5274 10
6661 7
5161 9
5733 4
637 5
3418 8
4794 8
6370 9
5160 8
7966 8
6971 9
2083 8
667 8
595 6
219 7
9139 7
7597 8
5566 5
8229 7
6325 6
9563 8
6245 6
6542 7
2112 8
873 8
1069 7
2251 8
4353 7
3558 7
408 6
6023 7
6381 9
5625 5
6951 6
3318 8
5647 7
566 8
4364 9
9535 6
3205 9
8559 7
2390 8
7283 8
8779 5
5244 8
2810 9
3690 8
1058 6
6192 9
9480 9
8566 8
1883 6
8073 7
2615 7
9583 5
5835 6
8684 7
9015 7
9681 8
8461 10
7889 4
1070 6
9218 9
7655 6
6825 8
5818 9
2439 6
3003 8
7330 9
8838 6
7143 6
8775 9
1098 7
6016 7
8202 8
5361 6
1007 9
80 5
750 5
4606 6
9507 6
3816 6
3927 7
7918 7
7863 8
373 5
4584 9
2247 5
2934 4
5508 8
2841 6
6252 10
1417 9
4008 6
2180 8
1648 6
3898 6
4340 7
4803 8
2891 6
9830 7
6400 6
8687 9
1116 6
4808 8
8908 9
342 6
5027 7
2659 8
1667 9
7793 7
9136 5
5176 7
9486 9
5864 6
1008 6
5805 7
1251 8
5667 7
768 9
2489 5
1787 8
8156 7
7051 8
7002 9
9148 6
339 10
6145 7
2188 9
6463 6
347 7
163 9
9063 9
139 7
8466 5
7016 8
6478 6
6047 9
6470 7
9932 9
4940 9
8203 8
951 7
1025 5
5162 7
7513 8
3751 9
3140 6
3831 7
7482 7
1739 7
6298 6
1639 7
3851 6
9747 9
2545 8
4388 6
3111 8
2133 7
8940 8
3030 9
2093 7
545 9
642 7
1002 5
4568 6
264 9
8634 9
7653 6
7333 9
2359 9
9455 6
7121 8
2967 6
4420 9
8698 8
6416 7
6265 8
9321 8
9703 7
3599 8
2741 8
6456 6
2498 8
6363 8
5215 8
1722 9
8945 7
257 6
6891 9
5846 6
1995 8
1343 6
9503 7
8034 9
8221 8
5234 6
3445 8
583 7
1891 7
6088 7
5648 7
5249 7
7773 8
4630 5
3128 5
5825 7
2231 6
9045 9
1686 5
8774 9
3132 6
8693 7
1030 9
8153 7
6444 10
1682 8
5227 9
123 7
1948 9
3227 7
1716 9
9993 9
3890 5
9629 8
8633 6
6483 7
8484 6
1145 6
6840 8
4562 7
7140 8
4691 6
3054 7
924 5
7087 7
5000 8
5404 7
531 8
4397 8
3478 7
2436 8
2673 10
2337 7
1687 7
4785 8
3999 8
7885 6
744 8
519 8
6006 8
7550 7
5780 9
8700 7
4979 6
1272 7
5070 5
7122 8
8806 7
8302 8
36 8
1548 5
8045 8
1865 8
2805 5
81 6
1700 10
7341 7
2747 8
4229 9
9377 8
9474 6
721 7
586 9
1315 6
7952 9
7268 8
3584 6
2032 9
9506 7
5030 9
3774 8
731 6
9496 8
3453 6
2704 7
6715 9
3121 6
1412 9
5394 5
4612 5
5783 9
149 9
6655 7
3662 7
7976 9
3374 8
7696 6
8837 7
1921 9
6317 6
360 8
1635 9
1054 7
9233 6
4107 9
3640 6
7851 6
7842 9
4574 6
475 6
8664 7
5536 9
8244 6
7127 7
9238 7
5804 7
8324 8
9360 6
2879 9
5772 6
6420 7
6426 8
464 5
3933 6
9501 6
7515 7
4001 9
3967 6
2124 8
8144 9
5315 6
7081 8
5538 6
4137 9
6707 5
5809 7
7343 8
5196 9
4282 9
5150 6
9671 9
2239 7
9710 9
2862 8
5103 8
3150 6
2336 7
2109 5
6481 10
9207 5
954 8
3099 7
4750 7
926 8
4492 8
7277 6
8196 9
6753 9
9782 10
2693 5
5652 10
4909 6
7944 8
4511 6
7244 7
460 7
1254 5
6049 6
8062 6
660 7
4065 7
6050 7
1668 5
7910 9
4395 6
4339 7
2937 9
7779 7
2645 5
4583 7
8511 8
6474 7
4930 7
4544 9
3713 7
9550 7
3258 7
598 8
7221 7
7854 8
332 7
2044 8
8405 9
3000 6
6422 9
5621 8
9610 7
7538 9
7903 7
472 9
1046 6
4047 9
9294 7
3993 6
7423 8
4957 6
3824 6
7287 6
7728 6
9862 7
2199 8
2064 9
3677 7
1528 9
1601 9
7716 7
1292 7
3899 7
7044 6
9180 7
5128 8
4404 7
7381 7
9425 6
9748 8
8516 7
9004 7
5878 7
7086 8
8728 9
3663 10
7771 6
5043 6
28 7
3799 7
3240 9
9420 6
4097 9
1797 5
3702 8
5655 10
827 6
6818 9
2277 8
3697 8
9041 7
1799 8
5550 7
1834 8
7109 9
5969 6
5490 6
7406 8
5 7
7932 8
7692 7
1420 7
3680 9
2521 7
6384 9
3693 7
1600 8
4947 9
2389 6
8859 5
646 9
9547 8
1009 10
965 6
9293 7
7675 7
9132 7
3333 7
5956 6
141 4
6726 8
5319 9
1763 7
9141 8
6970 8
7865 9
5010 6
1699 8
7466 6
2924 8
12 6
2905 8
653 9
3920 5
5236 9
323 8
4829 6
6997 7
3196 8
2776 9
608 7
3523 6
1867 9
9464 7
1016 7
8603 9
5080 7
6973 6
1652 8
1539 8
6155 7
3130 6
4456 9
4778 8
3172 8
9014 9
8086 5
677 8
8040 10
2907 5
6287 8
8273 8
6531 7
8076 9
9400 8
3389 5
6438 8
1704 7
4326 8
6492 7
5796 9
5986 8
2881 7
3327 7
4856 8
5873 8
5398 8
9971 5
8069 9
2134 8
2305 7
5544 7
3300 5
8077 8
9344 6
6220 8
9716 7
3554 7
9860 9
4015 6
769 8
7759 6
3777 9
5130 7
5391 9
550 6
2599 8
3133 8
2153 8
7730 6
7123 8
9952 8
122 6
2595 5
1050 7
5953 8
8474 7
4053 7
907 5
6697 6
5563 7
8620 7
8965 8
4941 7
2695 6
4128 8
6240 7
454 8
9819 5
4309 9
1023 6
6702 7
1071 7
6673 8
8462 7
3435 6
5602 6
509 6
8916 6
939 8
29 7
7549 6
3177 7
1371 8
9037 9
4722 5
6984 8
5872 7
3973 9
5474 6
1196 7
125 7
5164 8
9249 9
2099 5
1937 7
3008 7
4401 7
2290 8
8123 6
707 8
1305 6
8631 8
4854 7
3674 7
4626 8
4710 8
2244 8
9332 5
70 6
507 7
6584 8
3182 8
6256 5
8205 8
547 6
6024 8
267 6
7286 6
9387 8
3082 9
2246 6
4138 6
9824 7
3905 8
836 7
9489 6
3491 7
3947 6
6586 8
8065 7
7430 5
2859 9
2440 6
2884 6
1631 8
8128 9
9186 7
9058 9
1462 6
4559 9
8009 5
3235 8
2462 6
3465 9
9846 9
1830 6
1153 8
9208 8
2727 7
3403 9
470 8
3913 7
989 5
9411 9
4614 7
9723 6
9320 6
9508 8
7242 5
274 8
245 8
8139 6
8787 6
6280 8
3579 8
9704 5
8553 6
6983 5
791 8
5477 7
2280 8
3757 5
3360 8
8268 8
9129 7
4332 6
1342 6
310 8
4280 9
5889 6
458 9
8509 8
2319 8
4677 5
3476 5
2010 8
6414 7
4600 6
2029 8
423 8
2396 6
6940 8
6128 6
679 6
9611 8
4928 6
8186 7
4518 9
897 7
9243 8
9081 8
1531 9
4439 7
2974 6
9631 6
2738 8
7912 6
1615 9
4878 9
5201 9
7103 8
6278 7
4113 7
6871 7
9304 6
222 5
2548 9
9553 8
2121 7
7441 7
1365 6
8817 10
8794 6
227 6
4896 9
1034 7
8174 8
5321 5
861 6
9636 6
8682 10
4925 8
5980 7
9212 8
7566 8
39 6
2519 7
2894 6
5617 8
8296 9
3169 5
5179 9
46 9
7654 6
262 8
8562 7
2560 8
7230 7
9488 7
863 7
6352 7
7041 8
7754 6
9985 6
8218 8
1303 8
430 8
4010 9
294 8
6819 10
4228 8
6845 7
3441 6
4337 7
4330 6
6736 6
4500 8
870 8
8993 9
6813 9
8126 8
1406 8
2567 7
2658 9
1808 8
6669 9
3872 7
1329 9
7479 8
3344 7
9528 6
7139 7
7153 6
3847 7
6624 5
6544 6
3337 6
324 10
8049 7
3860 6
7428 9
5903 9
3802 7
1233 7
7469 9
1725 6
5003 6
1820 6
5006 7
3462 7
3383 7
906 7
3241 8
8022 8
3903 6
4988 6
9939 7
6466 7
5254 9
4588 7
9625 9
7165 8
5285 5
2629 9
7183 7
4953 7
6994 9
8143 7
9935 8
2442 7
2757 9
9324 8
1744 6
2543 8
1280 7
9301 6
370 8
4296 5
2314 6
3708 7
3155 8
2418 4
4427 8
5118 7
5342 8
8561 8
2886 8
6350 9
69 8
6010 9
925 6
7003 9
118 6
2633 7
8160 6
6812 8
1733 9
4837 7
4886 8
2317 9
7907 9
5567 7
6398 9
5487 6
2769 9
1990 8
269 8
1064 8
1853 6
4759 8
280 8
7727 7
4061 8
7009 9
5810 6
8331 8
1644 9
173 7
956 9
7078 8
697 7
4142 8
8415 8
4640 7
344 5
7200 9
9974 6
5363 8
6577 7
7137 6
2332 6
5877 7
4370 6
1719 8
8489 7
2216 7
2205 8
7758 7
702 9
9055 8
6189 9
9944 7
8061 7
2714 9
3909 6
8162 6
6092 8
6443 6
8645 6
1592 8
9564 6
8386 7
4714 7
3729 7
6476 8
3187 5
6683 10
1221 7
3207 10
4874 6
5182 8
278 7
3510 8
9584 8
2242 8
6044 9
6168 9
5092 5
7358 9
4428 7
3733 8
9183 8
213 7
6790 7
2345 8
6038 7
4558 9
5787 7
7530 9
3672 6
9178 6
5094 10
1979 7
5248 6
8441 4
5974 9
2691 6
4801 9
2594 6
1 9
4804 8
3163 6
771 9
2536 6
878 6
251 6
3801 9
4417 6
9086 7
5771 9
6340 7
9261 7
9007 8
806 5
5305 8
8435 9
3284 7
8601 8
7649 6
7825 7
5279 8
1908 9
2513 6
2288 9
5869 8
4802 7
8501 8
9569 8
8418 7
9635 7
7454 8
2609 6
8385 6
5709 10
4790 7
9459 8
7260 5
4741 8
1488 6
8594 6
3518 4
5691 9
6257 7
7650 7
5769 8
8348 9
2813 9
5149 9
6409 9
3437 6
8183 6
5170 7
6410 7
2729 7
9614 6
3091 9
432 8
3332 6
5226 5
7336 8
4788 7
8217 6
3314 7
1650 8
8644 8
7770 5
5228 6
9280 6
1688 9
6275 6
829 8
5963 5
6831 6
1040 7
5745 6
1182 8
4430 6
9282 9
229 10
5209 9
3646 7
1274 5
6448 8
3175 8
2191 9
9457 7
5545 8
156 6
232 6
3568 7
5384 5
5521 8
9651 6
9647 8
8701 6
7862 6
3658 9
8434 9
8543 6
238 6
7911 6
4791 8
1680 4
9181 7
3844 9
4548 7
780 9
869 8
5245 6
5039 7
1491 5
4193 7
7612 6
2512 9
6293 6
4191 7
3660 6
9343 8
7598 9
4005 6
6662 8
5977 7
1057 7
7657 6
9128 6
364 8
6788 9
5243 7
1454 6
49 7
5470 7
7245 10
7264 6
5097 7
5961 9
923 8
254 9
3600 8
6204 6
4853 6
5942 9
6931 7
5132 6
4528 9
1220 6
7102 9
5221 6
2383 9
9616 5
2897 8
5816 9
5372 7
9534 8
4652 6
5476 6
5017 6
8628 8
9919 6
7159 8
994 9
415 8
5962 7
5584 10
9951 7
3928 9
9736 9
5443 8
7 7
2071 9
4187 9
7418 6
5241 7
9911 8
4367 9
9858 6
8305 7
6698 7
8197 6
2327 8
5436 7
5073 8
329 8
6029 10
128 7
9500 7
5834 9
4913 6
5464 8
9950 7
4272 5
5619 9
8093 8
9271 7
8997 7
7155 7
8149 6
5746 8
5564 6
6046 5
9222 8
3146 8
8246 6
9689 9
1526 8
1479 7
153 9
1238 7
8959 6
2925 9
4489 8
5259 9
9089 6
8930 8
6710 9
2181 7
8109 8
7788 9
33 6
7846 9
8967 6
3257 8
7647 8
7732 9
4205 10
9585 7
2941 8
8120 9
2621 8
4716 9
5015 6
113 8
4766 5
5271 5
4143 10
8882 7
1350 10
9121 6
914 7
380 6
143 8
5262 7
7408 9
9880 9
3998 9
5596 6
3131 7
5995 7
4839 9
1325 9
6383 7
3254 9
5076 7
3848 9
6678 6
4369 8
6503 7
1301 8
6672 7
1706 6
5781 7
5446 9
1800 8
9973 6
3730 9
4055 10
2996 7
1307 8
4012 8
2719 6
8074 9
7808 7
3889 4
834 5
8736 9
421 8
5301 7
2853 6
7211 7
8735 7
4411 8
1120 8
960 6
5401 7
8505 7
4214 7
1431 9
1392 9
7943 8
8539 8
6976 6
6201 6
4564 7
8759 8
8243 7
9060 6
1950 8
4049 6
8134 7
5599 7
7182 7
2047 7
6990 7
3590 7
4224 9
9901 5
6360 5
5979 9
3346 7
976 7
5223 7
4019 8
671 7
6666 7
5524 9
3698 7
8469 8
2551 7
7117 6
5498 6
2541 5
5204 9
8808 7
3624 8
5377 9
9934 7
7463 8
8097 6
9836 5
4943 8
8164 8
1171 6
1468 6
3689 5
687 9
7445 7
5242 6
158 9
6268 7
5726 8
3365 5
5801 9
8782 7
4093 8
2068 7
9665 5
8619 8
975 7
9962 10
9072 6
4560 10
560 9
5471 7
9398 9
8678 8
4753 9
2145 6
1596 7
1428 6
3213 8
2959 6
4202 6
6290 9
9199 8
4903 7
3970 7
5356 5
5500 8
266 9
9078 8
1395 7
463 9
8688 7
627 5
6307 9
668 8
2399 9
4840 6
7626 9
8897 7
8485 8
5310 5
5923 9
5120 7
7278 10
1586 4
1113 7
2822 7
4150 8
7062 7
9608 6
2142 8
3684 7
8048 7
6348 7
22 9
1904 6
1569 7
2686 6
1117 8
5178 7
5419 8
8512 8
8476 6
5199 7
9698 6
3981 8
4516 7
3259 9
6521 8
4822 8
5143 5
466 8
4038 7
4298 9
8468 10
6508 7
6399 8
4816 8
3043 5
4450 8
8267 5
3782 7
6040 7
7740 7
633 7
1473 8
9225 6
2660 8
6529 9
4063 6
5191 9
1492 5
3238 6
2350 8
7481 7
8815 6
7579 9
5727 6
4024 7
5139 8
7747 8
5432 6
9017 9
1450 6
9279 8
9687 10
851 8
5224 9
1554 5
8822 7
5658 10
1459 5
1558 6
888 6
9316 10
2388 6
7850 9
691 7
819 6
2986 7
500 5
6920 10
5718 7
3952 7
484 8
6091 6
800 5
5079 5
4139 8
7314 8
4615 9
9606 9
629 9
3080 7
8780 7
1844 8
327 8
4851 7
2830 7
6177 8
7125 9
6485 8
719 7
5246 10
8768 6
4586 9
263 8
676 9
8811 7
7001 10
6686 9
8289 6
8277 7
2922 7
9743 9
6982 9
9544 7
1862 9
5348 7
5172 9
7901 8
3906 9
7683 9
8127 7
892 8
6515 9
2683 6
1215 8
7451 6
4352 6
7504 9
5269 6
6922 7
4737 7
3620 8
3262 7
4817 8
9554 6
5921 9
1175 8
1090 6
1228 9
6283 6
5063 7
3328 9
6878 7
7935 8
8150 7
7797 7
9284 9
5610 7
2794 8
6138 6
1840 8
1347 5
1136 6
6499 9
413 7
8884 9
5776 10
3958 8
4483 7
3500 7
6884 8
382 6
7185 7
124 9
3917 8
8982 8
9945 8
8190 7
8148 6
2078 7
1327 9
7029 7
5774 7
6718 7
600 9
9874 6
8860 8
3395 5
1743 9
3704 8
9479 8
5380 6
756 7
4880 6
7609 5
584 8
9656 6
1214 6
7959 9
3586 5
3818 9
5014 10
2147 7
1768 10
52 9
1177 8
7968 10
9972 8
3956 7
4149 6
9853 9
3595 8
2734 5
5666 10
1541 4
1111 9
3312 9
2433 7
6112 7
4406 5
3886 9
9770 6
2877 9
1017 9
5031 6
1712 8
4830 8
9854 7
4265 5
9154 6
821 9
2316 6
6226 7
1142 6
94 7
8613 9
4023 7
5858 8
4022 9
9105 5
564 6
2423 10
1366 9
4185 8
9342 6
3513 9
5682 8
5569 8
1457 5
7489 4
9135 10
9851 8
7094 9
9806 7
8732 8
7202 6
9436 8
9740 9
180 6
2779 7
7953 10
2103 8
3827 6
6955 7
7014 7
1784 7
196 6
2084 6
2115 7
3925 6
5081 10
439 7
2982 6
3417 8
9057 7
6668 6
5140 8
4147 5
4608 6
1398 7
5429 7
5147 8
8953 9
1335 9
9780 6
4279 10
4499 7
111 9
2222 6
3264 8
3656 7
4631 6
7497 7
3019 8
3719 7
1899 6
987 6
5267 5
684 5
816 6
4667 8
4529 7
3113 6
651 8
1879 8
2117 9
9746 5
9589 9
2896 9
5925 6
1321 9
5212 6
8236 7
5729 6
1920 8
5414 5
5627 6
386 6
7148 7
9899 8
1847 8
2901 9
7958 6
5760 9
7563 7
752 8
7378 5
3231 7
4236 6
5874 9
1855 7
1629 10
7644 7
9159 8
1029 7
9493 6
3968 7
396 6
1520 7
6329 7
8274 9
2713 8
5360 7
1982 8
1156 6
7924 8
8549 7
3517 7
2055 7
7708 7
7107 7
2318 7
2798 6
3398 8
3387 7
1164 7
6862 8
2232 8
9381 8
8480 7
7641 5
8928 8
1781 9
2483 7
1204 7
1780 7
4580 6
5615 8
5461 6
8083 8
4374 7
2141 6
7152 7
7743 9
8615 5
8242 7
3092 9
2778 6
2501 8
3828 9
3771 6
4256 9
6649 8
6479 7
5151 6
1770 9
410 9
6487 5
2850 7
1723 9
6242 8
636 7
2650 6
9059 6
2939 6
3578 9
1014 5
1817 9
2263 6
8198 6
2667 9
5264 8
8888 6
8091 7
639 8
5109 7
4731 7
7298 6
3834 8
894 8
5830 5
5188 7
2764 9
7501 6
9515 7
478 8
4748 7
379 8
3154 7
3661 9
3556 5
5898 5
2535 8
7412 5
7659 9
2796 10
4178 5
733 8
1089 7
5005 8
2094 7
7919 5
5382 6
7511 10
889 10
8674 9
6535 6
1337 10
4274 7
8453 9
1606 9
6477 9
2335 6
4164 7
6296 6
8722 6
6264 7
6367 9
394 7
828 8
398 8
8630 10
6689 9
1902 8
2736 8
508 6
6157 9
5852 8
5807 8
9807 10
9735 8
8636 8
622 6
3516 5
4882 6
1079 5
8924 6
8602 10
1632 7
4044 8
8679 7
9071 8
6687 5
9896 7
1872 8
5405 6
9201 8
5845 10
137 4
5840 9
9471 6
3329 8
4711 6
8494 7
6435 8
4040 8
7345 6
3279 8
6321 6
3081 8
2309 10
5645 7
6198 5
3857 8
3267 7
3372 9
6632 8
495 6
8391 6
6404 3
1661 9
6876 9
2272 8
2341 6
2013 8
576 7
3700 8
15 6
1758 8
4466 8
9172 6
471 8
785 6
7048 8
8463 5
740 9
8983 7
2515 9
5261 6
5329 8
2463 6
7015 8
8929 8
9240 9
7040 8
7190 9
5425 6
9124 8
2144 7
5710 8
9395 10
7986 7
1698 9
8311 8
8389 8
1482 8
7701 8
6116 7
4281 8
4176 6
7021 7
8432 7
8173 5
6969 7
2909 7
7694 6
7265 9
5862 6
4978 8
7784 6
8130 5
9948 8
814 9
592 8
5523 8
3185 7
6837 8
5166 10
4955 5
7559 7
8379 6
3101 8
534 9
5970 8
3424 6
590 7
7474 6
3949 7
6824 6
1206 9
8799 8
818 8
6612 9
368 6
915 5
6791 6
9281 6
7274 8
9239 5
8272 10
6397 7
6608 8
5046 6
4628 8
6136 5
2200 8
3354 7
3836 6
1018 7
4835 8
9299 7
365 8
6930 6
3063 6
7346 9
5397 9
4209 7
3653 9
9891 5
5600 9
7904 7
8013 8
7737 7
9893 9
5539 9
2238 7
4869 9
2555 6
2746 7
573 9
2385 6
3135 5
5822 7
2871 7
1537 9
8689 9
9605 7
465 6
6894 7
8039 7
2348 6
3466 8
6424 7
6031 5
9861 6
7033 9
375 6
7631 7
9368 7
7468 5
7574 5
9694 9
729 8
1232 6
2204 7
9435 7
8129 6
8309 6
306 7
6076 7
5839 9
1500 8
4609 7
7163 9
9418 9
2785 6
3139 6
931 9
7777 6
9517 8
1603 6
3575 9
8472 8
1669 7
4659 7
5700 9
823 8
1271 9
424 8
9371 7
3006 7
8420 8
8891 8
1819 6
7707 8
6815 6
8887 8
1765 7
3991 8
8878 8
4206 9
1260 7
6770 5
3942 8
8533 9
4167 6
2004 10
3048 6
3304 8
2557 8
8803 4
9379 9
6439 8
8922 10
5865 8
4358 6
8047 8
4343 5
1205 9
4675 5
9038 8
9296 7
1275 8
4267 7
3633 5
4399 9
8421 7
8557 8
2613 7
5609 10
8625 8
8754 7
2652 4
6952 7
6090 8
8382 9
3893 8
4032 10
7256 6
9594 6
6441 9
6332 6
82 9
2989 5
1543 8
8521 6
4108 7
9949 9
9981 5
7285 7
8340 8
610 7
366 9
8232 7
3918 8
5680 9
7075 7
2697 6
9659 8
1987 7
2264 7
6074 6
5720 10
772 9
9982 8
7208 9
1302 6
4581 9
7748 7
935 8
9800 6
7321 7
7613 5
967 6
6166 9
7083 6
9003 6
8026 8
7433 8
8371 9
5983 9
5936 8
3629 6
4743 7
2703 9
2579 8
9276 9
9943 6
4210 8
3116 5
1095 10
7055 8
2149 9
1839 6
6229 6
865 7
5715 8
6991 7
100 6
8960 8
9913 9
9047 9
2256 6
4096 8
2635 7
747 6
1775 5
6472 10
2496 9
3583 7
5759 8
4960 6
1845 8
3988 7
706 5
6530 6
4823 10
4179 8
5559 8
5175 6
749 7
3381 6
2856 8
9540 7
243 10
9838 10
4253 10
3980 7
5935 7
1026 7
7610 7
5232 8
4290 8
7056 8
589 8
4740 6
7669 9
7280 7
4705 7
8656 10
4160 7
4432 6
9189 7
6451 7
4295 9
494 7
8316 9
712 8
2569 7
1762 8
1167 9
3858 10
176 4
7991 8
6985 5
5707 5
4912 8
5560 8
8528 7
6506 8
207 8
5411 7
7416 7
4894 8
2159 9
4678 6
700 8
9100 8
4220 7
355 8
5506 6
7066 7
8234 8
6906 6
3090 6
7212 9
9947 8
24 8
2190 6
1446 6
9833 9
3157 6
8858 8
1123 7
8567 7
5148 7
5535 6
9691 9
7688 8
403 8
805 8
6045 6
2883 7
6595 9
2473 10
8927 9
1707 7
2844 9
4462 8
3023 6
3050 10
9333 9
8994 10
8495 10
6386 6
7775 9
957 7
1154 7
4381 7
5967 7
8961 7
8170 8
2874 9
801 8
4963 9
2854 6
2421 7
2503 8
7724 9
1991 7
8090 7
4315 9
2931 8
1497 6
8215 6
6382 6
5637 7
5547 5
154 8
7045 7
5526 6
235 6
9953 7
6732 9
3263 8
7059 6
7157 7
8375 5
1807 6
8671 8
5340 10
9690 6
1186 6
2912 9
2075 8
3570 9
1358 7
3112 9
9658 5
369 6
9481 9
7427 7
8105 8
1091 8
5930 7
5127 8
5345 8
3954 7
8402 9
5527 7
2061 10
4523 6
4862 7
7723 9
9975 6
7967 9
6583 7
7580 8
1263 6
2367 9
6745 8
5156 6
9695 6
4408 7
3356 8
5972 6
5385 5
3897 8
5489 4
998 8
4715 5
1104 7
5108 7
3795 10
2592 6
8931 7
5725 9
7105 9
7843 10
644 9
3854 7
6893 9
3024 7
7628 6
6504 8
2268 9
1917 7
212 7
3509 7
8381 9
7216 7
690 5
6146 8
6654 8
97 8
5060 7
9095 7
5041 8
5721 7
3770 7
4733 7
5278 8
4 8
1106 9
8269 8
2226 8
1109 7
6 7
8824 8
5051 8
1063 8
2540 6
1269 8
8 7
7804 8
1230 9
5676 9
9 6
2273 7
5037 6
304 7
7376 8
11 7
9314 9
6501 7
3607 8
4549 7
5100 7
4952 7
8209 8
4407 8
6872 7
6558 7
13 7
9470 8
14 7
3208 9
6135 8
638 7
5991 7
16 5
2017 8
7170 8
7523 8
6510 8
6578 7
4573 6
17 6
4481 7
322 8
2571 7
6830 8
7663 8
9103 7
1660 8
18 9
5831 10
19 6
6826 9
5047 7
7835 7
5295 9
23 6
9744 8
6670 8
9942 8
89 9
9338 9
25 8
27 7
3938 8
7257 8
6330 9
4923 8
7393 8
389 7
6795 8
1517 8
1778 8
30 8
31 7
9034 8
8555 8
4460 10
3282 8
5247 8
161 8
8694 8
4215 7
9182 8
34 8
5056 8
35 9
4262 9
37 6
4517 7
4081 8
1433 8
820 8
3321 7
1501 9
38 6
1993 7
6073 8
3772 9
5387 8
5966 7
1742 8
5307 7
6497 9
5240 10
516 6
9476 8
43 8
2366 7
2411 10
7085 9
558 7
2648 8
1373 8
798 8
9699 10
6949 8
2943 9
9509 9
47 9
48 6
8805 7
8535 7
1630 8
8584 7
2993 8
993 8
50 7
6965 10
53 7
1730 9
8885 8
698 9
54 8
55 7
1249 8
4101 9
9298 8
6975 8
56 7
428 8
4045 9
57 7
8954 8
1898 7
7818 9
58 6
7495 8
7240 8
5053 8
1010 9
9555 8
4533 7
5085 7
60 0
4325 7
5703 8
688 7
2162 8
5087 7
62 6
3809 7
419 9
2054 8
5542 8
71 7
1932 7
2772 7
4284 10
2214 7
63 0
7552 9
3049 9
1013 9
6619 7
7069 6
2261 8
64 5
9412 7
6590 8
9575 9
65 7
3572 9
6767 9
6082 7
9252 9
4037 6
1126 8
1901 8
4464 7
9499 6
67 7
68 7
8962 8
6820 7
2407 7
497 7
1851 8
6284 8
2977 7
6599 6
3250 7
6516 7
3192 7
3197 7
74 7
2807 8
3796 6
441 7
76 7
9380 8
7718 8
6378 9
4048 8
7860 8
3961 9
77 8
8524 9
2638 9
78 6
3136 7
7795 7
6540 7
79 8
1792 9
108 9
561 7
7460 7
1524 7
6407 7
2720 10
84 7
9426 8
1427 8
5556 8
85 6
7380 9
2670 9
9318 7
86 7
4068 8
3248 7
1720 9
9497 9
87 7
6539 8
3229 10
6161 7
90 9
91 6
6502 8
2315 8
5134 7
2902 8
9668 8
3561 8
9835 5
4248 9
4867 8
95 9
96 6
7402 7
7819 8
98 7
6274 8
7749 8
4875 8
7485 8
99 10
6699 7
2310 8
359 7
3145 7
8651 7
9498 7
2377 8
101 7
6124 8
3404 6
4557 8
7893 9
1360 6
2283 9
2755 7
2281 7
106 7
107 6
7520 8
2166 7
110 8
9816 8
7946 9
9798 9
112 8
6986 8
3243 7
3093 8
8380 8
4099 8
3336 8
7569 7
8899 8
7518 6
6565 8
1291 8
5837 8
880 7
9267 8
2938 8
2556 8
8670 8
117 8
8574 9
2544 9
2858 8
4526 7
5841 7
7639 10
2655 10
4079 7
7205 8
8486 8
4349 9
120 8
7615 9
802 8
8743 9
4553 9
242 8
8660 8
2386 8
190 7
8118 8
2235 9
3742 10
197 8
3498 8
7213 8
4942 8
1911 8
127 7
8433 8
7300 7
4169 8
129 8
131 8
7769 8
9514 8
8598 9
1127 8
7436 8
8214 8
1367 8
1654 7
3485 7
6110 7
134 8
648 9
8956 8
4508 9
2051 7
271 6
9024 9
3525 8
2025 6
1003 5
8681 5
4415 8
5095 7
2765 8
581 8
3781 7
3995 8
3295 10
7799 8
140 8
6021 7
1159 8
8169 7
1884 5
142 7
7234 8
2357 8
5943 8
9784 8
457 9
144 8
145 7
8879 8
6964 8
1945 8
8125 9
147 7
4550 8
4116 8
2653 7
5472 7
2069 9
9894 7
5633 8
7500 8
4686 6
3151 7
4786 6
4910 6
151 7
4592 9
7711 8
3676 9
9216 7
8804 7
6185 7
5994 8
1176 8
1298 9
7288 8
5353 8
6816 9
8554 7
2631 8
2620 7
5641 7
8938 8
3499 9
8541 8
159 9
5125 10
2651 10
162 6
9002 9
7660 10
270 9
9617 7
9268 7
1978 8
164 8
165 8
3670 9
166 7
9090 7
2284 8
9460 8
168 4
7522 9
8537 7
2586 9
169 7
4435 8
3707 9
8175 9
170 9
171 7
2227 8
7785 8
2050 7
3115 9
174 7
8933 8
3878 8
8829 6
175 8
4513 9
588 9
4591 9
7554 5
8874 6
2229 8
177 6
1627 7
8151 7
4706 8
3528 7
9642 8
9814 8
378 8
5598 8
9354 7
4811 7
2674 8
181 8
2424 9
3160 9
6471 8
182 5
8710 8
9247 8
8649 8
4493 7
3743 9
183 7
8067 8
184 8
846 9
185 7
5194 8
3443 7
7616 8
1796 8
3609 8
1597 9
7203 7
5670 6
3246 7
6262 7
3031 9
7869 8
192 9
189 6
776 7
6122 9
1484 7
9645 7
6222 7
7440 8
5312 6
3521 8
3219 6
9061 8
5992 7
5169 10
4918 8
5497 9
255 9
3830 10
193 6
9419 8
9675 7
9472 7
9633 7
7684 7
8041 7
8813 8
4590 8
3862 7
5048 6
1252 7
1270 9
198 7
3009 8
7713 9
7984 7
3638 7
2618 7
2929 9
202 8
2321 9
203 0
2797 7
205 8
206 8
2680 8
209 7
9397 8
2823 8
211 7
7337 9
3147 8
5291 7
4072 7
8362 8
7794 10
420 6
7303 7
8136 7
6059 8
4334 8
3060 9
2008 6
3839 8
8605 7
607 8
216 0
2114 7
5987 8
3943 10
6452 9
3992 6
9561 7
8506 8
7323 7
1502 8
217 7
9137 8
9595 8
218 7
8527 8
2363 8
2523 8
220 8
390 9
9609 8
8369 8
248 7
6785 8
3628 9
2163 7
4973 9
350 8
3358 6
224 8
8334 9
226 7
4647 8
6605 7
8238 7
3634 9
4092 7
7026 7
6051 7
6714 7
230 7
3891 8
3840 8
8397 8
2031 9
990 8
7714 9
4876 8
5174 7
5751 8
5752 7
6938 7
7194 8
233 7
6480 8
7897 9
6756 8
234 7
4323 9
2330 8
7999 9
5824 8
1256 7
6573 7
4662 9
236 7
8258 9
928 7
1573 7
5001 8
7215 8
3123 6
204 10
9008 9
832 7
773 7
3464 7
9408 7
6547 8
887 8
240 8
7838 10
241 6
5011 7
5934 10
7434 9
4030 9
244 8
7252 9
9964 7
5154 9
4695 8
246 8
9815 9
3647 8
3811 7
8401 8
3380 9
7349 8
249 9
9322 10
250 7
9793 6
6413 8
1679 7
6614 9
6260 7
5908 7
4344 6
3792 9
1415 10
253 7
9444 9
8807 10
5453 8
5138 8
4484 8
9440 8
4995 7
9848 8
7868 8
6912 7
2717 8
1938 7
9912 7
9043 7
2799 8
258 8
7780 10
261 6
3414 7
5686 7
7118 7
5616 7
4017 9
3790 7
4054 8
5433 9
8606 9
5192 8
265 8
2307 7
5062 7
6412 7
3543 7
575 9
5543 10
2019 7
7239 7
3504 10
273 7
275 6
9022 8
7822 8
4212 9
9214 8
8248 7
1854 7
276 0
3109 7
3665 8
6129 7
1795 8
7529 7
5802 7
7629 7
9937 7
1144 8
681 9
9226 7
5450 9
279 8
4999 10
281 7
538 8
283 8
8828 9
8877 7
1555 9
285 8
2253 9
9433 8
8772 9
1745 7
290 8
9040 9
291 8
292 8
992 8
4601 9
6522 8
9761 7
361 10
9101 6
4380 8
7220 8
6101 9
295 6
709 7
4776 7
3671 7
5561 9
297 9
298 8
300 8
7971 9
4158 9
301 9
1011 8
305 7
9345 9
1519 9
658 11
4672 8
5282 8
9157 7
1535 8
448 6
1988 7
3143 6
1320 8
315 6
604 9
308 7
3400 8
2992 7
8146 8
9120 7
2534 8
8266 6
4889 8
1637 8
3766 7
5848 8
2170 7
5439 9
3559 9
3931 7
7275 8
8984 9
6618 7
8699 7
316 7
3173 8
317 8
3699 9
533 9
759 10
318 7
5853 8
3214 8
321 9
4261 8
8102 8
3721 9
2838 7
326 9
5266 9
330 6
6776 6
331 6
4385 8
4648 7
8558 7
1565 8
4482 8
3460 8
3046 8
9917 8
334 8
4565 9
335 8
336 6
4034 9
7560 8
2058 7
4084 7
348 7
1151 8
338 0
2465 8
5350 8
9200 9
340 7
7456 8
9641 9
3405 8
4673 8
3449 8
341 7
6343 8
9069 8
1588 8
927 7
4335 7
343 8
4992 8
9205 9
3134 9
7535 6
944 9
6353 7
4469 8
3255 6
2018 6
1037 9
1806 7
414 9
346 8
6737 8
6007 9
6104 7
7353 9
9394 8
5504 7
4487 8
5038 8
9648 7
9403 6
351 6
8166 7
3507 7
9237 7
6188 8
354 6
3209 8
1612 8
4739 7
3064 9
3940 10
911 9
5331 8
6251 8
479 7
363 7
7332 8
6533 8
4916 9
6935 8
3361 8
9463 9
4278 10
367 7
4561 7
7403 8
5813 8
4475 8
1789 8
3887 6
8635 7
5685 7
6271 7
371 8
9712 8
372 8
4058 9
5868 9
3138 9
3948 8
2538 7
4653 7
8590 7
2623 8
723 8
6759 7
376 7
377 8
1108 9
5513 8
1012 8
1306 9
2933 8
8864 8
5416 9
1449 7
523 7
933 7
8012 8
5142 7
2217 7
4754 7
3096 7
9019 7
4895 8
383 7
1096 9
3655 8
384 9
385 8
1466 9
451 8
7058 9
7585 9
5572 7
7977 8
7339 7
8565 7
6427 8
1149 8
388 7
6020 8
6592 8
4443 8
5820 8
8798 10
391 6
3520 7
2497 8
3939 7
5036 8
3384 7
1941 8
393 9
6430 9
6210 7
1552 6
9174 7
5594 7
395 8
5370 9
9791 9
5761 8
3746 7
4603 7
397 8
1393 9
3388 8
399 9
9273 9
9526 6
401 6
7439 8
9654 8
4477 10
4702 7
402 8
5713 7
9857 9
404 7
8978 9
7739 8
405 9
1889 8
407 7
8023 8
2339 7
4752 8
2461 8
409 9
2948 8
8206 7
1684 9
9452 9
416 6
6769 8
1299 9
418 6
3914 9
9805 8
8704 8
5870 7
3983 10
422 6
5798 7
4872 7
6419 7
7507 7
628 8
3129 8
5724 7
7133 7
5757 9
4346 9
4833 8
2183 6
2762 9
6647 6
426 8
6768 9
2682 8
9451 10
429 7
2347 8
2381 8
9079 8
1623 8
7690 9
6182 9
433 7
9867 7
8621 8
1467 8
1244 8
435 9
505 9
4642 9
4849 8
7348 10
6719 7
437 9
5288 7
811 7
5013 8
440 9
5668 7
3987 8
5558 8
8449 8
9929 7
6603 7
4172 9
2494 6
6328 7
5692 7
443 8
2092 8
474 9
2663 7
8907 8
1101 7
2095 6
445 8
2354 8
446 7
1759 8
8737 6
8867 9
2966 10
4219 8
9661 5
2304 7
7557 8
678 8
2731 8
5389 7
4742 8
8249 7
4602 7
5716 10
3797 7
450 9
4434 10
5770 7
5275 7
453 7
766 8
455 8
4770 8
6346 8
9067 8
2349 8
4521 8
4898 8
9329 8
1447 8
6158 9
599 8
3651 8
4196 9
9713 8
6165 8
9367 7
1594 7
9456 7
8796 9
6552 7
4585 7
1549 9
4937 9
3779 9
1031 7
9388 7
7792 6
7394 7
6701 8
6415 9
5045 10
476 8
5256 9
1472 9
8846 8
8292 8
1382 8
1434 8
7359 8
5728 8
288 11
6126 7
8723 7
5021 7
483 8
708 8
7449 8
486 7
525 8
487 8
488 7
5879 9
489 7
490 6
6217 7
1616 7
2962 10
492 0
3937 9
4901 8
6856 8
1877 8
2845 8
3459 7
4422 8
8686 8
4088 7
1690 8
4989 6
895 7
496 8
481 9
1689 8
498 0
7089 7
5351 8
1738 7
5296 7
5335 8
2665 8
6898 9
8985 8
501 9
503 6
2490 8
8900 8
2576 8
1846 8
2520 8
9107 7
2600 6
5362 7
2873 9
7162 7
9287 8
8021 7
5622 7
3545 6
510 8
511 8
5263 8
513 7
514 6
4905 8
7661 8
1582 8
2224 7
6838 8
7796 6
515 8
2346 9
7164 9
8638 7
4026 8
518 8
3171 9
1747 9
1237 9
520 6
9382 8
9757 8
521 0
4376 8
7219 7
9669 8
9678 8
4373 7
524 8
6345 9
761 7
526 7
1483 8
527 0
4694 7
9849 9
2175 7
528 9
529 7
1827 9
9643 9
9869 8
7831 7
4222 9
530 7
4465 8
8488 8
8785 8
532 8
741 9
5257 7
7282 8
4437 9
536 8
2961 9
6572 8
5440 6
5072 7
1334 8
541 8
542 6
4974 8
2831 8
543 8
2351 9
9234 9
3256 9
546 8
1740 9
4485 9
1761 8
4087 7
2174 8
9717 7
548 7
8459 10
5379 7
3497 8
1618 8
6078 8
609 6
551 8
552 7
7309 8
4254 8
553 5
7364 8
618 8
5785 7
8538 8
555 6
6789 7
2414 7
3088 7
9303 7
556 8
8027 9
557 7
6039 10
7721 7
7092 9
900 8
563 0
603 8
8582 8
9263 7
6246 5
567 7
881 10
9492 9
4605 9
568 8
4665 8
247 10
569 7
2533 7
570 7
2379 10
9808 8
2136 8
5327 8
6462 8
572 8
2295 9
574 0
5096 7
5023 7
5519 8
9104 7
4846 8
2250 6
579 7
7063 9
8918 8
585 8
8467 9
3362 7
9175 8
9709 7
9461 8
3524 8
6178 8
3691 8
1436 8
4389 5
7350 10
3619 7
1452 8
675 7
1304 8
6170 6
3605 9
2612 8
5653 8
1190 7
596 8
1140 9
8583 9
7144 8
1711 8
4527 9
602 7
3194 9
2443 9
3739 8
1887 9
605 7
606 7
6944 8
3530 7
3901 7
2994 9
5917 8
1732 8
683 9
7591 9
4810 7
3423 8
4679 9
2449 9
725 6
9753 7
6183 8
613 8
9278 7
615 6
2790 7
616 6
6864 7
7128 7
9275 8
617 8
6309 7
8301 7
9363 8
620 5
903 9
2221 7
1390 6
5222 9
624 7
8165 9
4717 8
2392 8
8696 8
4473 8
2749 9
626 8
8843 9
9031 7
2488 9
4405 10
7638 8
8632 6
5951 7
9788 10
2085 7
2855 6
8990 7
8222 8
6567 6
6766 8
6998 8
7192 7
2843 8
632 8
8464 9
3281 9
8478 9
6374 7
1735 6
8999 7
635 9
2947 8
8425 8
4148 8
1885 10
6594 6
4838 5
966 8
7305 6
8458 7
8880 8
4031 8
5093 8
6688 8
5186 7
9283 9
7338 8
7821 9
1590 8
2559 8
7873 8
4171 9
1264 9
7475 7
4597 7
643 0
2528 7
9376 7
8676 7
2710 8
8358 10
5230 7
1776 7
5238 5
645 7
3616 8
1509 6
2768 8
647 7
8140 8
1163 8
104 10
649 6
6164 8
1935 7
650 8
5016 9
652 0
1253 8
5268 8
4980 8
4506 1
3397 9
655 8
3461 9
2826 8
6095 10
656 8
2647 8
657 0
2446 8
2775 9
1115 7
659 7
901 9
2696 8
3309 8
3444 7
9167 7
3420 8
661 8
2457 9
1890 7
2892 8
7373 8
9260 8
8372 7
8406 8
8303 9
663 8
665 9
9722 10
6231 9
3635 9
9750 7
2597 7
1222 8
9513 7
1752 8
674 6
3537 9
6914 7
1178 9
8520 7
2568 8
2027 8
4289 9
1478 7
9409 6
7110 7
685 6
7826 8
3331 9
9620 8
3352 8
4250 8
2687 9
686 7
4020 8
9407 8
6557 8
1951 9
6434 8
7238 8
6903 9
8955 8
2526 8
5473 7
8827 7
5659 7
6085 8
5190 8
4238 9
7824 6
6357 6
337 10
7789 10
3921 8
692 6
7099 8
8119 7
693 5
1670 6
5452 8
3069 7
9692 9
3047 7
9006 8
3805 9
3574 8
1277 8
695 8
696 7
5252 8
6995 8
6682 6
6742 8
7467 9
7521 7
782 7
4444 9
1542 8
1313 8
2510 6
1203 6
9897 8
7760 6
2681 8
955 6
9308 8
8318 8
704 7
6981 8
6197 8
705 7
6062 7
7151 8
6520 7
1107 9
5920 10
4834 9
4842 7
8493 7
4471 7
1756 8
3596 8
3122 8
710 7
1487 9
711 8
6087 9
714 0
6125 8
6836 7
3317 8
715 6
5420 7
742 7
6300 8
3280 9
5104 9
1746 7
4146 7
717 5
1033 6
3531 7
8033 6
4130 7
5795 8
8745 8
3696 7
890 8
9125 8
720 8
9536 7
8323 8
8946 7
9822 9
3932 7
8008 8
7832 9
724 8
1645 9
7917 8
9134 7
4515 7
5530 8
4461 10
5792 7
8801 7
7877 7
4173 8
7693 8
9622 7
3741 7
728 8
9910 9
730 7
2179 7
5607 9
1697 7
1947 9
3759 8
734 7
4400 7
7025 8
736 8
1910 7
7042 8
4003 7
8712 8
884 7
738 9
9927 7
1049 9
6545 8
745 7
5007 8
6640 8
746 7
5893 8
5958 7
9558 7
3996 9
1056 7
5704 8
6097 6
2072 6
5849 7
995 6
1262 6
7833 8
2431 9
8329 9
2570 8
753 9
754 8
2438 9
755 9
7823 8
5639 7
4013 7
8103 8
4779 8
4813 7
3026 6
4948 7
4174 7
760 6
2921 7
4106 6
886 7
5950 8
1983 6
8282 9
762 6
1930 7
763 7
8575 8
3078 8
1708 7
2034 10
7923 6
4624 7
3452 7
2413 8
8569 7
5919 7
7624 8
2387 10
2016 8
3072 8
774 8
775 8
2737 9
6342 9
807 6
8082 8
7527 6
795 8
778 8
5697 7
3496 6
1181 7
1361 8
4908 8
783 8
2165 9
784 7
8868 8
2577 8
786 7
9049 8
2118 7
787 9
788 8
9505 9
5784 10
790 6
5320 8
792 5
5884 10
2298 9
6526 7
793 7
3410 8
796 0
4520 8
2077 8
797 6
2753 6
6692 8
6406 7
1864 8
9572 7
799 6
9990 7
1998 9
6326 7
7340 6
4188 6
6358 8
7292 7
7741 9
8286 8
7757 7
804 7
969 9
2970 8
7658 7
5390 7
2419 8
6961 9
6643 8
8440 8
891 7
2430 7
809 7
9064 8
5369 8
810 8
4641 8
8499 8
813 6
5976 7
8507 7
4543 7
2403 7
4324 7
5705 6
6324 8
1626 8
2932 9
8795 7
822 9
201 9
2192 9
7281 8
7548 8
825 7
826 7
5505 8
3011 8
5510 8
1326 9
9319 8
8790 8
7035 8
831 7
1848 9
6223 8
833 6
7266 6
6054 8
8431 9
8275 6
835 6
1217 7
7050 8
2963 7
2468 8
2950 8
6950 8
7036 7
837 7
2300 8
840 8
9317 9
841 7
1760 8
4687 9
2046 9
842 8
843 9
844 8
9383 9
845 8
847 8
9696 9
6648 8
848 8
9792 8
8219 9
9366 7
850 7
8154 8
3715 7
299 10
6289 8
8596 7
1563 7
854 7
8580 7
2285 8
856 6
3451 8
1773 8
857 5
2260 7
7000 9
9246 6
859 7
860 7
9926 7
3548 9
6621 8
862 0
9662 9
864 7
9160 7
5696 8
866 7
9840 10
7982 7
868 7
1647 8
3480 10
3021 6
7473 9
3477 8
5595 9
9349 8
3626 9
2374 9
6664 8
9164 7
7811 8
7949 7
6967 8
7774 7
879 8
2809 9
5218 8
8046 8
882 9
6468 7
9706 9
1409 6
4449 7
6312 8
6184 8
7172 8
8912 8
3118 7
2806 7
8767 10
4617 8
6475 8
6428 6
6992 10
1584 7
1042 8
7028 7
7544 8
1354 8
9577 9
898 7
5985 9
996 7
940 8
7448 9
7129 8
899 9
7450 10
902 8
5122 9
6079 9
904 0
5574 7
8966 8
2157 6
2478 9
8180 8
4183 7
8445 7
8703 8
3621 10
6674 6
7160 7
2708 7
2073 6
8281 8
5216 8
7916 8
6247 8
1289 7
8683 8
2553 7
910 7
912 8
4145 9
9979 8
913 0
8969 7
6569 8
2583 9
938 7
4845 7
6740 6
4911 8
4136 7
6774 9
916 7
6601 8
9580 8
4664 8
917 7
2930 7
918 7
9165 8
919 8
920 7
921 8
922 10
4218 7
6610 5
2770 8
8410 7
9538 7
1099 9
5754 7
4359 7
4168 6
9340 7
6347 8
5882 7
3004 10
7972 5
7425 8
2065 5
4634 7
3260 9
1401 10
130 10
932 6
5694 8
7331 8
7528 8
5495 8
936 9
937 8
7637 8
4445 8
941 9
943 8
9613 8
946 7
7325 9
6387 11
949 7
3808 8
3073 6
6859 7
2111 8
1158 9
4618 7
5200 9
2126 8
4223 9
4365 9
1777 9
958 7
2472 8
8544 7
961 8
3334 9
1356 9
5435 8
962 7
1039 7
963 6
1477 8
964 8
7064 11
3726 9
1614 7
6675 7
3527 8
7746 8
7082 7
968 9
6570 8
8066 7
8624 7
1369 7
1470 8
973 8
974 7
7630 8
4657 8
6794 8
3221 8
4438 10
6233 10
977 7
2006 9
4268 7
2154 8
3724 7
6319 7
9936 8
8332 8
9751 6
4569 7
9918 8
979 9
982 7
983 0
8608 8
3085 7
4112 5
4799 7
985 5
1130 7
2477 6
9325 8
2479 8
986 7
2176 8
5255 8
3976 7
988 6
1219 7
8078 8
3107 8
9604 7
2702 9
4655 10
6546 7
5114 8
2953 9
4463 7
4118 7
3068 7
2700 9
3793 7
4036 7
2230 7
3817 7
4798 7
8319 7
6017 8
997 9
8711 7
2867 9
7363 6
7237 6
9030 6
6167 8
1422 7
8345 9
1004 0
1622 7
9504 7
1005 7
7071 8
8643 10
7973 6
9885 9
8364 7
9076 7
2155 8
1019 7
8304 8
2198 8
1021 0
7681 7
6490 6
1651 8
5732 7
8299 7
6094 8
6512 7
1523 8
8477 7
1028 9
2814 8
1032 8
5349 7
2207 7
5294 8
8007 8
4927 7
8347 8
6187 8
4598 7
1041 7
1640 7
8089 10
1043 8
1044 7
8525 7
1170 7
4195 7
8726 6
9562 7
7030 9
1048 8
7642 9
1051 7
4962 8
1157 7
4651 10
4954 8
1052 8
2759 7
3421 8
5309 8
2003 7
5180 9
1059 6
9600 8
9612 7
2546 8
2611 7
2784 8
8450 9
3178 8
1065 7
6948 7
5905 10
7156 7
1067 7
6359 7
1068 7
1364 7
3636 9
4027 7
5483 8
8951 7
8708 9
9810 9
1394 7
8577 9
1074 7
9922 8
2212 6
2406 8
1077 7
8748 8
5546 6
5069 7
1080 0
7940 6
9729 6
1081 7
5272 9
1083 8
8740 8
7317 6
6875 7
1085 8
2607 10
9968 7
3098 7
2525 9
7856 8
9443 8
1226 8
6947 10
3639 7
8540 6
1737 9
1110 10
1094 6
7299 7
1097 8
2245 9
8530 8
4418 7
6190 10
7206 6
9203 9
7197 7
2752 8
9895 8
3148 8
2105 8
7361 8
6633 9
1105 7
2802 8
2097 8
6071 7
1112 8
9591 8
7108 9
7499 7
1330 9
6130 6
6267 8
1121 7
3301 7
1608 8
2606 7
1122 0
7210 5
9650 7
6910 8
1849 8
1124 6
9556 8
1125 9
1128 7
6722 8
9956 9
4028 9
1129 6
1132 7
8802 8
4270 7
1441 9
4166 7
3401 7
2578 8
6972 6
1138 7
7077 8
3870 8
3565 8
1143 7
3807 7
2255 6
2739 7
7703 6
4668 7
1146 7
1147 9
1150 7
9130 7
2466 8
4751 8
1155 7
1957 7
7120 7
6193 7
8285 8
1909 9
2745 8
1162 5
6147 7
4329 6
1580 7
2287 6
7871 7
6118 8
1165 6
8655 7
4763 7
5084 8
1166 7
6589 8
1169 7
1861 8
2243 6
8360 7
7039 8
1172 7
1173 8
1322 8
4792 9
4318 6
1180 8
3468 10
3061 8
7992 8
4725 7
3675 7
4970 6
5314 7
1355 8
1188 8
1189 7
1191 7
1192 8
4897 8
3748 7
6447 8
8278 8
1194 7
3625 7
5207 9
3557 8
4620 7
7827 8
1197 7
3368 8
8761 9
1198 7
5708 8
1900 8
8147 8
7383 7
1199 7
6802 10
1200 6
7493 7
8455 8
8750 7
7115 7
9075 8
7955 8
1202 0
7498 7
5803 7
5867 7
7602 8
3394 9
3754 10
7057 8
9245 8
1207 7
1208 6
3588 7
5110 9
1210 8
1574 8
1812 9
1211 6
3269 8
5009 9
7643 8
1212 0
4098 6
4536 8
8442 6
1213 6
2565 8
8030 7
7678 8
5311 8
7367 7
5299 7
7834 6
3740 6
1216 6
7555 8
9852 7
3900 7
9117 7
8910 7
5280 9
8830 7
5922 8
6440 7
1463 9
1231 7
6691 7
767 9
9745 8
7702 8
1235 8
1236 6
4556 7
3335 7
3341 9
8595 7
9082 8
3709 9
1239 7
1279 7
1241 7
2761 9
5775 7
1245 0
2767 9
7311 8
7490 6
2508 6
3822 9
1247 8
1248 6
2780 8
5297 8
1250 7
2378 8
3873 7
4964 9
9307 7
2123 9
9391 8
5886 8
1257 7
9630 8
1258 9
5702 8
4775 8
1838 7
9714 7
9721 8
7178 7
3244 7
3533 6
5688 7
2562 6
5612 8
4780 10
1424 9
8276 8
8341 7
7437 7
4371 7
1266 6
2371 7
3316 7
1273 0
3652 8
7410 7
2803 6
7861 8
7990 7
7586 6
2979 6
1544 8
7005 9
3226 9
1276 6
5693 7
7161 9
8680 8
1605 9
1278 7
1734 8
1860 8
3974 9
1678 8
7594 8
8571 8
1282 8
8157 9
1283 7
1284 7
5613 8
2333 8
3137 9
4491 8
4303 8
2991 7
1286 8
9149 9
7318 9
2062 8
4625 6
1525 7
9228 7
1290 8
6543 8
1293 7
1294 0
1530 8
1295 6
3176 6
8597 8
1300 8
3602 9
1418 8
9884 6
3560 10
8110 9
7752 6
1619 7
4007 8
7763 8
7356 6
8298 10
1311 8
4502 9
9646 7
1316 7
8715 8
1317 7
1318 7
8314 9
8714 7
6225 9
5002 8
9253 7
1323 8
3756 9
1324 8
311 10
5665 7
1794 8
7396 9
2917 8
9588 8
9887 6
1332 7
4070 9
7114 9
2000 10
5611 8
7695 9
9438 8
8889 10
1336 8
7313 7
2474 6
1340 7
5649 9
1341 8
5952 7
5904 7
9677 7
5587 7
1344 6
1345 7
5928 8
5102 6
1944 8
1348 7
3407 8
1997 7
1351 0
9026 1
7491 6
8253 5
1352 6
9820 7
1353 5
8036 8
6600 6
8387 8
8257 9
7411 8
2975 6
83 10
5522 8
1362 7
8939 8
7849 7
8724 8
2037 8
5029 8
7217 7
4658 5
7512 8
9251 10
1368 7
9025 8
1370 7
1681 7
1372 4
3650 7
7054 6
7503 5
7664 6
8819 7
3382 5
4789 5
3688 8
8563 8
9915 9
1375 7
9733 8
1376 7
8893 8
1377 10
8336 8
8658 9
1380 7
1381 7
3411 8
1383 7
6860 9
4175 8
1384 0
1385 5
1572 9
1388 6
8428 8
7443 7
8245 7
1389 7
5025 9
1611 7
2516 8
5939 6
6493 7
7533 7
1589 8
6784 8
9573 7
9623 6
4907 8
6869 7
5565 8
7939 7
6919 8
5484 6
1402 8
8028 9
8941 9
1874 8
4730 8
2824 7
7914 8
1408 8
8531 7
2868 7
1413 8
1414 6
5954 7
4656 9
8001 11
5217 8
1419 0
2404 8
1894 8
3725 7
6880 8
1581 9
8948 6
5124 8
9916 6
4636 9
2079 8
7772 8
3041 7
5646 7
2870 6
2223 6
1445 9
5915 8
1547 8
3315 8
3291 5
9339 7
2409 7
7043 8
4971 9
669 10
1435 0
6549 7
1437 8
4887 8
1442 9
1444 0
8452 7
7502 8
2502 7
1934 8
7147 7
1451 5
4140 8
6609 6
9477 7
5260 8
4525 8
6588 9
1455 7
3761 8
1456 8
3298 5
3728 9
1458 0
3631 10
1536 8
7600 7
8957 7
3103 8
4231 7
7592 8
3127 7
4920 4
1464 8
1465 7
7704 8
1471 0
8769 1
8746 7
9771 9
4532 7
1474 8
1905 7
7993 6
1914 6
5206 7
2334 8
1480 6
5968 8
2184 8
9335 9
1485 0
3919 1
3562 8
8788 9
5088 7
5251 7
1490 6
7525 8
7908 9
6437 8
8230 6
260 8
7017 8
3033 6
1494 8
9430 9
6214 9
2209 8
4496 7
3055 7
8792 7
1498 7
3399 9
6639 8
1499 7
5393 8
3338 8
4252 9
1503 0
1540 8
2422 7
1718 8
2376 7
8015 8
1506 8
1507 0
8199 9
4504 8
2777 7
1508 7
9542 7
2130 8
6611 8
5717 8
7800 8
9863 7
6811 8
1510 8
1513 8
1514 6
7636 8
1727 8
3199 8
1527 7
8958 8
1518 7
3057 8
7494 9
3904 6
8471 8
1522 7
8513 8
5675 8
7817 8
1534 7
6656 5
3012 7
1798 9
1223 9
6921 7
1550 9
7539 8
4123 8
7954 7
6646 6
1553 9
8256 6
2832 7
5184 8
4685 9
7214 8
8510 8
4746 8
8145 8
4447 7
2928 7
9016 7
1559 6
7627 7
3573 7
3850 7
5430 7
1562 6
3963 6
8200 8
8875 8
9152 9
1566 6
6131 7
4707 8
3396 8
4783 8
6320 8
1570 7
1571 6
5989 8
2372 8
1576 7
4082 7
4260 7
7686 8
5408 7
4934 7
2575 5
1579 8
5503 8
9482 6
9568 7
2968 6
8890 6
2588 5
3351 7
4888 8
9737 9
6575 9
1591 7
6450 6
1595 7
3489 8
5330 8
3959 8
4863 7
1599 6
4486 7
3220 7
4094 8
9640 7
2654 7
1604 5
4554 6
4781 8
2895 9
8465 5
4718 9
3364 7
7645 7
1613 5
3415 6
8925 7
6000 7
9302 8
9871 9
1617 7
9762 8
8642 7
4959 8
1620 0
9902 9
6288 6
4051 7
1621 8
6571 8
7662 8
1624 8
5098 8
1628 6
3307 7
5412 9
8101 7
3737 8
7405 8
1633 8
1634 8
3141 8
1767 7
5300 7
3323 7
9961 9
1638 7
1949 8
1642 8
7296 9
1643 6
8226 7
8133 7
4745 8
7249 7
4155 8
2328 8
2617 7
1649 9
2847 11
3990 9
8019 8
8208 7
1656 6
4843 7
9764 7
1659 7
8343 8
1663 6
5040 8
5589 6
5533 6
7589 7
5431 9
1671 0
5290 7
9114 6
9285 9
8481 7
9548 8
9432 7
5336 7
1673 0
2923 8
1676 7
6467 8
5532 9
8847 9
6564 8
4234 7
9423 8
7251 7
9700 8
4967 5
3348 8
7225 7
6459 9
4132 7
1685 6
2043 9
4232 6
8111 8
5583 7
6653 8
1692 6
3028 8
7229 7
7074 7
8327 7
2082 9
2420 6
1694 7
9875 8
4929 7
7259 7
8436 8
5734 8
9447 7
4495 7
4018 7
4797 7
9416 8
7096 8
1709 7
8053 8
1717 8
6631 8
1721 0
2313 7
3234 8
1726 8
4607 9
6703 7
1731 0
4423 9
8720 7
4509 7
2338 8
5644 8
5778 9
2593 7
2020 9
3747 9
1927 7
7735 8
1824 9
9685 8
3936 8
5396 8
1750 7
7228 8
3765 9
1754 8
1757 7
5924 7
3056 8
8252 8
7452 10
6870 8
3705 8
4453 7
1764 7
9987 8
1771 8
6725 8
8137 5
5690 7
3040 6
1912 9
7389 7
2669 6
5998 7
7401 7
6999 8
1782 8
8610 7
5449 7
2763 8
3606 8
5136 8
1785 0
9210 7
1786 7
1788 7
5313 8
2735 7
9579 10
1791 7
4141 7
6388 7
8168 9
6236 8
1801 7
9930 7
2208 8
2233 8
6843 8
1803 8
4011 9
5711 8
4530 7
6315 8
3585 7
3880 8
4362 8
9266 8
1813 6
3027 8
8310 6
4316 7
1818 6
6032 7
2927 8
8661 7
6704 7
1823 8
1826 8
3711 9
1828 0
6528 6
1829 7
6176 7
3042 7
3045 7
9602 6
8210 7
8099 8
1832 8
9967 8
8791 6
7243 9
5981 5
3020 7
6070 8
1984 7
7810 7
3659 7
7319 7
3002 6
9399 7
8852 6
8886 7
9799 10
1843 8
2485 10
6593 9
6858 9
5957 7
2186 7
9834 7
1852 8
7478 7
4014 8
6106 8
3308 8
1857 7
5826 8
3276 8
7284 8
2391 7
5028 8
1863 7
1866 0
4144 7
4503 1
4494 8
6331 6
9697 6
6498 7
1869 7
1870 8
8672 7
1871 9
1876 8
1878 7
1974 5
5593 8
1881 7
6696 8
1882 7
2412 6
7438 7
4619 7
4276 7
2455 7
1886 6
7141 8
4689 7
1888 6
3371 7
7839 9
4629 7
4819 6
4441 7
8763 6
8529 7
5701 7
4190 7
9518 8
8240 9
4540 7
6218 7
8823 7
2581 7
9882 7
5421 8
6953 9
4514 8
4392 7
4312 8
1915 7
4488 8
2344 8
1918 8
9206 6
8443 7
1923 7
8786 7
3612 8
1924 8
7915 8
2911 10
1925 6
8227 7
2197 8
9116 7
1926 6
3503 7
1933 0
9193 1
5941 7
1939 7
1940 8
1942 7
4454 8
1943 7
4328 10
1953 8
9446 10
7928 8
7806 7
1955 8
5748 10
9414 9
8104 6
1964 7
1710 9
4258 8
5033 6
3211 7
8588 9
1966 8
1967 0
8444 6
1968 8
1970 8
9601 8
5035 8
5736 8
2722 7
6996 9
2456 9
4510 7
2872 7
9306 7
1976 8
8113 8
8189 5
9702 7
6282 8
1980 7
5451 6
9009 8
9905 8
7061 7
6273 7
7461 7
9361 8
1989 8
5214 7
8729 9
4393 8
5265 8
8254 6
5163 7
2002 7
5276 8
9147 8
2007 7
7270 8
5576 8
2972 7
8072 10
4021 7
2011 7
2014 7
9960 8
3978 8
3153 8
5424 8
9881 8
2021 6
2965 7
3673 7
2023 6
8611 8
4246 7
2024 8
7022 7
2026 9
8270 9
2087 8
9844 7
7290 9
7483 8
9337 6
2035 7
9150 9
6536 9
8971 7
9495 8
8943 6
2038 7
2039 5
7996 9
4056 6
9373 7
3683 8
2052 9
5933 8
6644 7
4639 8
5549 7
6743 8
2056 6
5324 7
6734 8
7420 8
2057 0
6465 7
7646 8
2060 6
6181 7
6636 7
2063 7
5537 7
8167 7
2066 0
3563 7
8060 7
2067 8
2070 7
5656 7
7782 7
7255 9
3549 9
2074 8
7899 8
2076 7
2080 6
3180 7
3124 8
6842 10
2089 8
2984 7
1338 10
7855 8
7442 7
8479 8
7547 7
2096 6
4644 8
4327 8
3800 7
7037 8
5119 7
2098 5
4360 7
5673 8
3456 7
6537 8
6814 9
3881 9
2218 8
2102 8
2101 8
2104 7
7867 9
2106 6
4683 7
2107 7
2108 0
5286 8
3265 6
8934 6
2566 8
2110 6
4217 8
9817 7
5281 7
5743 8
2172 8
7116 8
3326 8
2127 0
5832 6
8718 8
2507 7
2936 7
2140 8
4703 8
8052 8
9888 7
3720 6
4100 8
6277 6
9837 9
2910 9
2146 7
8054 7
5488 8
2467 8
2342 8
4650 8
3950 8
2160 8
3167 6
2150 7
2151 7
6527 7
2152 8
9779 6
6337 9
7699 8
6425 7
9804 7
2161 7
8926 8
6630 7
3577 8
2167 8
9632 8
5897 6
7570 7
9087 8
2173 7
6114 8
2177 8
7651 8
7462 8
2182 8
6455 8
9140 10
8261 6
2193 0
2195 7
7269 7
8403 7
5737 8
3325 8
6306 10
9074 7
3293 9
8810 8
9649 6
3386 8
2206 7
2203 0
7776 8
2529 10
2210 8
5996 8
5687 7
5740 6
9928 8
3066 7
2213 8
3204 8
8662 8
7583 7
8328 7
4244 7
5756 10
2730 7
2564 8
2225 0
4297 8
3863 6
4379 7
4985 7
4078 6
7576 5
2447 6
2236 7
8950 7
6140 8
4537 7
7960 8
4891 7
5409 6
2596 8
7335 8
8024 7
7407 8
2249 0
2252 0
6993 7
5911 7
9223 8
9560 7
2257 0
2258 6
9711 7
4904 8
2766 8
9794 7
3784 6
2573 8
6514 8
2266 6
3191 7
2267 7
5447 8
8935 8
2271 0
2878 8
2275 6
7138 8
4299 7
5392 7
6904 8
9725 6
3106 8
6622 8
3474 7
6453 9
3475 8
8742 8
7575 7
8952 9
2289 0
4227 7
2292 8
2294 0
5585 7
2299 7
9494 7
2301 7
2786 7
1715 10
3044 7
7803 6
2306 7
5462 9
9355 8
3865 7
2542 7
2312 7
8241 9
5767 7
9638 9
9900 8
3783 8
2324 8
3985 8
9122 8
8913 8
6846 9
2326 7
5608 9
2329 0
3752 1
4638 8
7786 7
2889 10
8414 8
3294 7
8911 7
7167 9
9133 7
4425 7
9839 7
7997 8
6517 7
2636 9
7294 7
6011 7
8797 7
2361 5
4551 6
2362 8
6055 9
2365 7
1511 8
2368 0
2369 4
6069 5
7543 8
5927 10
2382 7
7712 8
8668 7
4431 7
5624 7
2712 6
3036 7
8000 8
2954 7
2393 6
4377 7
6099 7
8719 7
2605 6
8781 7
2397 0
3971 5
2400 8
7844 7
5735 7
3075 9
1179 9
2405 7
2880 7
3457 7
4545 7
7886 8
6063 8
2417 6
2952 5
5993 8
4372 7
6249 8
4314 9
5755 6
2426 7
8776 8
9676 8
5773 8
9357 7
9559 6
9940 8
9056 8
9738 7
7126 8
2441 7
4682 8
2444 6
2445 7
4860 7
2448 7
2450 7
8326 7
2452 7
2453 8
3484 6
3678 8
2460 7
5944 8
6058 6
8518 9
2470 7
2471 8
2475 7
2480 8
2481 6
7031 7
3846 7
1567 9
8031 8
6335 7
2486 0
5836 7
3835 9
5541 9
8851 6
4348 6
3946 7
5514 7
9574 7
9077 6
7506 6
2505 6
7386 8
7136 7
2509 8
491 9
7079 9
5343 7
2511 7
9565 8
3926 7
2514 7
4090 8
3841 8
2518 7
8532 8
2522 8
3979 10
4006 5
5493 7
4347 7
2527 8
3202 8
2530 8
8250 6
8194 8
6523 7
6117 9
6259 9
4129 6
5689 7
2549 6
6027 7
2893 8
6868 7
2550 7
3198 7
5829 7
8627 8
1314 9
4247 8
2656 7
4738 6
5955 7
6607 7
6905 10
2913 9
3852 8
2574 7
3161 6
5706 7
2582 6
8836 7
7921 6
8564 6
8514 7
8247 8
8351 8
2672 7
4307 7
8263 6
6148 6
2598 6
7938 8
9510 7
3286 6
9907 7
2602 6
3084 8
5024 7
5672 8
2608 0
6829 8
5022 7
3775 6
2610 0
3930 9
9811 9
9655 6
6762 9
6215 8
4498 8
2625 8
2627 0
5926 8
3164 9
2630 7
3555 8
4921 9
2632 6
4161 8
6716 8
7357 7
5105 8
5418 8
2637 6
9760 8
9592 6
2642 7
2644 7
7880 9
4382 6
6924 8
2666 6
4345 7
5842 7
6657 7
9422 9
9102 7
1100 9
3087 7
4125 7
2685 7
6852 7
2935 8
5875 8
7398 6
6004 9
4308 8
4538 7
3454 6
7455 7
5231 8
2701 6
2705 6
2706 7
4242 7
6637 6
2718 7
2723 7
2724 7
5457 7
8690 8
3212 9
4189 6
4264 8
5197 9
8869 7
2742 6
5789 7
2827 9
3349 8
6186 9
3966 9
9106 7
7994 7
2751 7
7032 8
2758 8
4613 7
5004 8
2771 8
7098 9
2960 7
2788 6
5568 7
8011 7
9093 8
7344 7
9813 8
7524 8
8519 7
8812 8
8697 7
5153 6
3734 8
2804 6
9904 6
6806 6
2808 0
4969 7
4033 7
2811 7
2812 0
2815 7
2816 6
2817 6
2882 6
5914 8
9405 9
2828 8
5426 9
2836 7
8070 8
4402 9
2839 7
2840 0
5459 6
2976 8
2842 0
3855 7
7930 8
8029 9
3052 7
5133 8
4277 7
6212 7
7453 7
2857 8
4285 8
8979 7
7882 8
6445 6
8866 7
3450 9
2875 0
7293 1
2876 6
4821 10
7537 8
2885 6
5579 7
2887 7
2888 7
2890 0
4319 8
9153 6
8820 6
3866 8
4292 6
7065 7
6460 6
4698 7
2914 0
5123 6
6238 8
2916 5
7457 8
7715 8
4490 5
2942 7
2946 7
6925 8
7154 7
5812 6
2956 9
2957 7
6488 8
6507 8
8793 8
3539 8
7753 6
8427 8
8508 7
4984 7
6394 6
2983 0
4412 1
8695 6
6143 7
5485 8
8987 8
3210 8
8260 6
9742 7
5378 8
7351 6
5528 7
5817 6
8346 7
3001 0
4350 7
6700 7
6191 7
7315 8
3986 7
3070 7
6133 6
3017 6
3228 7
8600 9
3233 7
3029 6
9050 7
3034 7
3038 6
5791 8
3039 8
7963 8
3994 7
6781 7
7142 8
9957 7
4356 7
9369 8
3051 5
3053 0
4535 8
3058 6
6752 6
3975 6
7184 8
7186 9
8753 8
3065 7
5018 8
3067 6
9485 7
7360 6
8669 7
4199 9
7841 8
387 9
9417 8
7291 7
8376 7
1691 8
3074 7
3076 8
6344 8
9011 8
3412 8
7887 7
3086 7
8848 7
6805 7
9803 7
9624 6
3094 7
4152 9
4690 7
9242 8
6127 7
6075 8
3100 8
4818 7
3102 6
5478 7
5185 7
6115 8
3472 5
9386 7
3119 6
6913 8
3120 0
3125 6
6281 8
7762 7
9850 7
8903 7
6111 8
7180 9
3283 6
3786 6
3142 6
3149 7
3712 8
4757 7
3152 5
7004 6
3156 6
6758 7
7018 6
5145 7
3165 0
3166 7
7895 7
3877 7
7975 7
3170 8
9029 9
3174 7
9000 8
9841 11
3179 0
3183 7
3188 8
9775 6
3402 7
4235 10
3201 0
3215 7
3216 8
5581 7
9809 8
9372 7
3230 5
7926 8
9663 6
5066 9
9217 8
6616 8
5887 6
8587 8
4000 8
6749 7
3261 7
7052 8
7223 7
3266 6
3710 7
4470 8
6036 8
8542 7
3268 6
5448 8
3270 7
8419 6
3277 8
8504 7
3641 7
6841 7
4266 6
6585 6
3292 9
3297 0
9185 6
6423 1
4610 8
3302 5
6625 6
3303 8
3306 8
4986 8
3319 8
8944 7
4354 6
4507 7
9530 9
5940 8
5410 7
9297 9
3345 5
3353 7
4321 7
3355 6
6202 7
4080 7
6162 7
3359 7
4426 7
3363 6
6207 9
3849 7
8988 6
3366 6
4734 7
8870 7
8409 8
3370 9
3373 7
4857 8
3378 7
5793 10
3392 0
8355 7
6822 6
7584 6
5786 7
3406 6
8279 7
9769 7
8354 7
3425 7
9541 8
4587 9
7198 7
3434 0
4302 6
3436 7
3442 7
9448 8
5328 7
7207 7
5753 7
3455 7
3463 7
4474 8
3471 6
6723 9
9109 8
3473 7
3479 6
8368 7
3493 7
7883 7
9196 8
4693 8
6865 7
9258 8
1714 9
4765 5
9478 8
9001 8
3522 8
3526 7
3529 0
6598 7
9621 7
7830 7
4301 8
3534 6
3535 6
3618 8
4069 8
5758 8
3542 6
8383 7
4241 6
5233 7
9091 8
9453 7
3571 8
5636 7
9730 8
9012 8
3601 0
3603 7
3608 7
3614 7
6525 8
4883 8
3617 8
9018 7
3623 10
3627 8
5932 8
3630 7
3632 6
9924 9
8845 10
7419 6
3637 7
8002 8
5086 6
3648 0
7395 6
6597 7
3654 7
3657 7
9859 8
7362 7
4972 8
4983 9
5308 6
7816 7
9156 8
3907 8
7738 8
7254 8
3685 8
3686 6
4595 7
4083 8
8185 7
8818 7
3701 6
8862 5
8096 4
7072 8
3723 0
6663 7
3732 6
7682 6
3738 0
6311 8
3744 6
5091 7
6292 7
3871 6
5723 6
1952 10
3758 7
3762 8
4594 7
5341 7
3768 0
4864 7
4987 8
3776 7
3780 8
6638 8
8675 7
3791 7
3794 7
6442 8
4663 8
3812 0
3813 6
4064 6
8975 5
5458 6
6152 7
6695 7
4216 8
3819 0
4805 7
9637 7
3829 7
8235 6
3837 1
4881 7
3838 7
3842 0
8335 6
9701 8
4807 9
5144 7
8667 7
9310 6
3856 7
4871 8
6957 7
6641 7
6553 9
3868 8
8350 7
3875 7
3876 0
9094 7
8814 8
3882 1
9680 8
4059 7
3884 7
6755 6
4599 5
3888 7
9992 7
3892 8
3896 0
8071 8
3902 8
6199 7
8058 7
3910 6
3912 7
8762 8
7047 9
3922 0
3923 6
3924 0
8396 8
3929 6
7601 7
6261 8
6582 7
1460 9
5177 7
9215 9
8895 7
4433 6
3953 0
3957 7
9582 7
3964 0
8114 7
7227 7
5020 6
7480 7
5731 9
3982 0
8284 8
3989 6
6316 7
4002 8
5480 8
5517 6
4304 7
4946 6
8042 9
2639 9
9749 8
4035 7
8262 7
9213 7
5402 9
4336 7
9442 7
9898 8
8178 5
4074 7
4076 7
4162 6
5141 8
6018 8
4077 6
5883 7
9726 6
4322 6
7327 7
5959 8
4086 7
8998 8
4089 0
8288 8
6519 6
4102 6
8098 7
9522 6
4105 0
4115 7
4133 0
9469 6
4134 5
8300 6
7768 7
4135 0
6915 7
8004 8
4165 7
6009 7
4151 0
4153 8
4159 6
4501 7
6019 6
9384 7
7093 7
9872 7
7487 9
4177 0
4180 8
7884 8
4184 7
9291 7
8092 7
4198 6
8398 7
4200 8
4203 7
6025 8
6081 8
5945 8
9652 8
9933 7
4225 6
5374 7
8691 7
4239 0
4240 6
4251 6
4257 0
9013 7
4269 0
8609 8
9886 6
4273 6
4275 7
6056 8
4933 8
5220 7
9802 6
8617 8
6591 8
7316 7
6518 7
5620 6
4394 7
7870 6
4333 5
4342 6
5270 7
5509 6
5918 6
5916 6
8422 7
4355 6
7673 7
9778 7
4363 6
7446 7
7432 6
6064 6
9763 8
4384 8
4396 0
7301 7
4413 8
8237 8
4414 0
7132 6
4421 8
4589 8
6153 7
5800 6
8470 6
4467 6
4468 0
5293 7
6301 7
5811 9
4479 6
8016 6
6928 8
5302 7
4497 7
7073 8
4744 2
7755 7
7985 8
7790 7
9123 6
9358 7
4531 7
4542 5
9520 7
9755 7
7961 8
9326 7
7053 8
4915 6
5763 8
9832 7
4885 7
4576 6
4578 8
4579 0
3788 8
8713 7
8177 8
4604 8
9264 9
8841 8
4622 7
4632 8
4704 6
4646 9
6469 7
5854 6
8816 6
4761 7
9236 6
6660 8
4674 7
5695 6
4684 0
9084 8
4692 8
4699 6
7931 5
4709 0
6733 6
6375 6
7352 6
4723 6
6173 7
4726 0
4727 7
4729 6
5467 7
5258 7
4755 0
5193 7
4756 0
4758 9
4762 0
9179 7
5502 7
8482 6
4768 6
3222 10
4769 0
9033 7
6371 5
4981 8
6626 9
9878 7
6379 8
8717 7
4824 7
5189 5
6500 7
6909 7
9166 7
4850 6
5762 6
9235 10
4865 7
4868 0
4870 7
4877 6
6228 9
4892 0
5808 7
4899 0
9039 7
9096 6
5357 5
7892 8
4926 6
5202 6
9468 7
4938 0
5548 7
4944 1
4965 7
6677 7
4976 7
6509 7
4991 0
9707 9
9739 6
9831 6
7222 6
9209 7
4996 6
5008 0
5012 0
5019 0
8158 7
8784 7
8255 7
7640 7
8430 8
5049 6
9020 8
5052 0
5054 0
5059 6
7431 8
9151 8
6596 7
8394 7
6194 8
6942 7
5082 0
5089 0
8239 7
5090 0
5113 0
5117 0
9048 6
5129 0
5660 6
8211 7
5152 0
5155 8
5165 8
5168 0
5173 0
6322 6
5181 0
5183 0
9856 6
6327 7
5195 0
7687 7
9262 6
7177 7
9288 7
8800 6
8629 6
8411 7
8152 8
7276 6
6253 8
9028 7
5284 5
5287 5
5289 0
9766 6
5799 9
7726 7
7435 7
8365 6
5323 6
5333 7
5338 0
5355 6
9976 7
5364 0
8496 7
5367 6
5371 5
5698 8
9767 6
8653 6
5406 8
9693 7
5415 7
5417 7
5423 0
5984 8
5441 6
6706 7
5455 6
8117 8
7388 6
9021 8
5466 5
5468 7
5871 8
7766 7
5960 7
6377 7
9173 7
7676 6
5494 1
5507 0
6495 8
7472 7
5552 0
5554 4
5557 7
8599 6
5577 6
8363 7
8100 6
5586 0
5894 7
9313 6
5592 7
9146 5
6764 6
6800 7
5628 0
5631 7
9370 8
5643 8
8390 6
5663 0
5669 0
7872 7
8639 7
6362 6
9866 7
6887 6
5730 6
5741 0
5749 5
7272 6
5768 7
7261 7
9823 7
7890 7
7745 6
5838 7
5815 0
7375 8
9628 6
6310 6
5833 0
5844 0
5850 0
5855 7
5857 7
5859 0
5863 0
5866 0
5885 0
8193 7
5912 6
5938 0
5946 6
5965 0
9080 1
9272 6
5971 0
9449 7
5990 7
8536 7
5999 7
6002 0
7008 6
7847 8
8081 7
9112 7
6034 0
6037 0
6060 6
8320 6
8003 7
8451 7
6089 0
6102 7
6291 8
6119 6
8733 6
6141 6
6144 6
8591 7
8725 8
6627 8
6195 7
7578 7
6203 0
9231 1
6211 0
6727 8
6234 0
6239 6
6243 0
8068 1
6255 7
8850 6
9999 6
6272 0
6276 0
8842 7
6302 0
9351 6
6308 7
6318 6
6338 0
6354 7
6361 8
6365 0
6373 0
6395 7
6396 0
6401 7
9667 4
6431 0
6449 7
7146 6
6458 5
6473 6
6482 6
9390 7
6484 0
9257 1
9787 7
6494 8
6550 0
6556 7
6560 0
7426 9
6563 6
6580 7
8915 9
6617 6
7262 8
7104 6
7929 7
6629 6
6645 0
6929 7
6651 6
8353 6
9996 7
6659 0
6676 0
7250 7
7981 5
7581 7
6746 0
8172 7
6771 6
8342 7
6773 6
6799 0
8201 7
6810 0
7765 7
6963 6
6828 0
6832 0
9042 8
8968 7
6854 5
6855 0
8460 6
6877 0
7680 6
6890 7
7415 6
6911 0
6958 6
6962 6
8121 7
9776 7
6988 0
7013 7
7024 0
7181 7
7070 6
9309 7
9688 6
7101 0
7447 6
9664 6
9796 6
7149 6
7168 0
7173 0
7175 0
7179 0
9385 7
7188 0
9801 6
7231 0
7233 0
7235 5
7267 6
7273 0
8176 7
7306 5
7980 7
7354 0
9187 7
9005 7
1666 7
7459 0
8986 5
7492 0
7508 0
7516 0
7517 6
7534 0
8122 6
7556 0
7562 6
7587 7
7606 0
7607 0
7634 7
9827 5
9593 6
7668 0
7679 0
9465 6
7685 5
8337 5
7717 0
7729 0
7756 0
7848 0
8909 6
7875 0
7898 0
7902 0
9842 2
7909 0
9539 6
9938 6
7945 6
7950 0
8981 8
7998 0
8063 7
9666 7
8050 0
8079 6
8094 6
8106 0
8107 0
8159 0
8182 6
8228 0
8231 0
9312 7
8294 0
8325 0
8349 0
8378 0
8439 6
8526 7
8550 0
8560 0
8614 0
8640 0
8665 2
8705 0
8716 0
8764 0
9759 1
8765 0
8789 0
8854 0
9062 1
8855 0
8865 0
8881 6
8904 0
8905 0
8923 0
8936 6
9903 6
8989 0
9108 0
9191 4
9224 0
9229 0
9250 0
9877 6
9348 0
9925 1
9352 0
9365 0
9401 0
9439 0
9473 0
9516 0
9521 1
9533 0
9587 0
9670 0
9715 0
9754 0
9765 0
9783 0
9789 0
9906 0
9977 0
9988 0
