0 25.5919383218 
1 27.4011984344 
2 23.7050786149 
3 23.5864040649 
4 25.0111641587 
5 18.4211434628 
6 25.5566478737 
7 25.6213635604 
8 20.8294123076 
9 20.3295910838 
10 28.2939925935 
11 17.4907516901 
12 18.3872317765 
13 28.8235987729 
14 20.7363427888 
15 15.651828561 
16 9.09587025758 
17 13.6711124715 
18 23.7825474171 
19 22.7513671723 
20 25.3601070619 
21 22.6589300243 
22 23.7074965923 
23 8.75110430448 
24 15.7694827236 
25 21.9277900733 
26 24.2752440509 
27 18.3522822783 
28 31.1091136976 
29 21.0638172869 
30 25.4517427311 
31 15.3286419987 
32 20.8025472467 
33 22.7016188519 
34 14.6392670422 
35 26.9054683388 
36 17.4448987987 
37 17.9705871625 
38 18.7747443735 
39 20.7068031513 
40 22.7419250904 
41 21.0162445235 
42 21.867527289 
43 20.5911124993 
44 22.1286228979 
45 27.2112938194 
46 21.3297839533 
47 24.211455252 
48 25.7936456113 
49 25.5969087699 
50 23.4697200473 
51 12.4407810797 
52 24.9026284233 
53 15.6772122819 
54 20.5487919372 
55 18.7109035737 
56 23.9039239205 
57 11.2594812667 
58 33.7763874696 
59 18.0305210887 
60 20.6170693688 
61 19.2964409332 
62 22.3532209745 
63 11.4507355444 
64 30.3234282795 
65 41.0658884661 
66 22.7365438926 
67 28.7767010544 
68 15.7032964345 
69 16.8778991932 
70 16.7300154455 
71 18.1121457097 
72 18.6610085948 
73 16.3751717031 
74 17.6487003408 
75 13.0261567734 
76 23.485026629 
77 25.3023583206 
78 19.8609243764 
79 14.9899948475 
80 17.744665826 
81 24.0798746715 
82 18.3375603969 
83 34.376351274 
84 24.6054671262 
85 18.8882019257 
86 34.9663176665 
87 11.9393951696 
88 12.8913916085 
89 16.6088216038 
90 35.5461277954 
91 25.508147754 
92 23.4760370353 
93 25.6372142044 
94 24.164818984 
95 19.917639401 
96 24.8944983065 
97 27.2593980758 
98 16.7904966464 
99 16.7468845434 
100 21.4669503316 
101 28.4168601415 
102 20.587412334 
103 19.8166666426 
104 15.7331102447 
105 21.8432153089 
106 30.8823570554 
107 26.9398534341 
108 23.0502072171 
109 26.5957453577 
110 23.3321587676 
111 23.6456126916 
112 34.6940597468 
113 29.4627834127 
114 21.9267003288 
115 17.4376200179 
116 21.132625152 
117 28.0125973174 
118 27.8658279414 
119 27.5122806113 
120 23.9506546112 
121 21.7482317765 
122 17.3737199648 
123 14.754506308 
124 18.8735584088 
125 14.5210181869 
126 19.4015318874 
127 18.9324134235 
128 28.41789253 
129 11.8228519196 
130 25.1270757714 
131 28.1905599018 
132 27.0440809445 
133 21.9217090513 
134 17.7883326617 
135 18.2129708848 
136 24.9831035475 
137 19.4116105093 
138 17.9252045496 
139 24.8906323143 
140 26.7782047152 
141 24.992268544 
142 32.3716435117 
143 27.0159587509 
144 16.6068463896 
145 21.7905877005 
146 25.9814056269 
147 27.7641713229 
148 15.4408083592 
149 18.8010713805 
150 20.4716105389 
151 21.3997470578 
152 19.8914374075 
153 28.0839343654 
154 20.6498451677 
155 23.0019056306 
156 14.5630644727 
157 28.7199095771 
158 15.264687273 
159 19.6630434335 
160 23.0795202501 
161 24.4031868136 
162 23.7044166198 
163 25.7938766009 
164 16.8811420336 
165 23.9674565786 
166 24.421674942 
167 29.9587915456 
168 21.57685204 
169 20.2644439864 
170 30.7201001103 
171 33.9748495624 
172 28.1583165633 
173 26.3580592999 
174 25.2572549108 
175 29.8435621725 
176 19.9427667436 
177 16.3779063045 
178 26.7636930397 
179 26.540505464 
180 15.2248712454 
181 20.7037804246 
182 27.1104419733 
183 17.1416549876 
184 29.4663513443 
185 32.3056900415 
186 23.1909816492 
187 20.0607702727 
188 25.19619203 
189 21.113615315 
190 16.7504168416 
191 23.6539558758 
192 22.6892149437 
193 20.4501458499 
194 20.3464015425 
195 19.9994458682 
196 12.8470829676 
197 31.5738493999 
198 18.8250171365 
199 18.7149930364 
200 27.9751920784 
201 21.3860634435 
202 18.1471549052 
203 14.7323799491 
204 26.7023914529 
205 21.0167120803 
206 22.2157636487 
207 10.1073189844 
208 22.3810112269 
209 22.6465229604 
210 25.0205881442 
211 14.8792992689 
212 19.238509591 
213 18.526058188 
214 21.8969095938 
215 18.8646387596 
216 15.1284174895 
217 17.988793928 
218 14.0596889524 
219 24.0494602671 
220 30.1710787556 
221 19.1920412304 
222 16.2600696876 
223 14.8262106978 
224 27.5412316791 
225 24.2154863686 
226 19.9388956378 
227 29.2775299529 
228 26.8481314514 
229 17.1147410144 
230 23.2746697546 
231 18.9170878041 
232 15.5123647778 
233 26.3241218255 
234 23.4464076176 
235 21.6843860908 
236 25.8827641586 
237 25.2845930653 
238 24.2809546264 
239 24.4098377323 
240 25.5811089364 
241 31.0360267643 
242 20.1004892085 
243 24.8674308737 
244 24.9074212262 
245 28.3970275125 
246 23.9625412246 
247 26.0496829356 
248 21.8875276295 
249 18.5813046412 
250 22.4991613289 
251 20.2293545611 
252 24.6657376826 
253 23.0755514608 
254 15.9443429577 
255 20.9265985888 
256 19.3630251973 
257 24.1788312797 
258 27.023463507 
259 16.9657904476 
260 14.9790442937 
261 14.4351767858 
262 27.3334169528 
263 20.7181032866 
264 21.8546997292 
265 19.2140505559 
266 21.772835465 
267 15.1141662598 
268 27.1236439063 
269 26.3096914414 
270 28.1108914749 
271 25.2994704904 
272 23.7633004282 
273 30.5658641843 
274 17.0807415395 
275 29.9974328162 
276 27.1161422529 
277 26.0066971332 
278 30.3874116879 
279 22.5470830448 
280 18.8141739201 
281 19.5981199082 
282 34.916970796 
283 19.0264306015 
284 26.286142931 
285 16.2161597335 
286 32.1086056466 
287 29.2295534235 
288 16.379865977 
289 19.9001112512 
290 31.5849036229 
291 25.9327789815 
292 24.6024193887 
293 17.583190029 
294 25.6074926469 
295 31.1884357749 
296 19.0729501986 
297 30.784925216 
298 28.2282661801 
299 33.3235643851 
