0 23.1804437967 
1 22.3457271423 
2 22.7979993887 
3 25.2140701501 
4 19.1966930314 
5 14.3457198405 
6 23.1445575364 
7 16.3942477041 
8 17.6003861785 
9 29.5938656224 
10 24.0477728497 
11 -0.373689223241 
12 23.7636294029 
13 31.7653514388 
14 22.5020306945 
15 21.673523745 
16 20.7215472737 
17 22.6073553248 
18 18.6643839619 
19 27.3237966957 
20 22.9298040893 
21 26.7105410066 
22 22.7693249294 
23 23.5209737306 
24 24.2721243146 
25 22.6480381057 
26 22.2986571165 
27 21.4867073359 
28 14.7205249785 
29 25.512954665 
30 26.4674526786 
31 21.2417298767 
32 18.3362868291 
33 26.7896093885 
34 24.5016491062 
35 31.0266463135 
36 23.853821322 
37 19.2728622523 
38 21.950105665 
39 -0.8418195798 
40 22.8716632625 
41 22.1301856874 
42 29.6819362911 
43 21.7227067515 
44 21.9577748505 
45 1.2721835644 
46 25.0726354682 
47 12.7497995618 
48 24.8029050937 
49 24.3650731407 
50 27.9026126034 
51 18.3717025585 
52 23.4727423206 
53 25.4379777786 
54 14.0360576658 
55 17.7509790418 
56 36.8565245043 
57 17.5280440806 
58 19.2394779658 
59 21.6560049446 
60 19.864686443 
61 24.7429487498 
62 27.2508607363 
63 20.7578518316 
64 16.6053401169 
65 22.3815344695 
66 14.8538139365 
67 20.5946777804 
68 22.1929277574 
69 18.8173828998 
70 24.1074708408 
71 23.4377963912 
72 26.8079612067 
73 24.5058096023 
74 21.5542762733 
75 20.1305219537 
76 19.0526678237 
77 26.6901640518 
78 21.3545074985 
79 26.9857502579 
80 20.113740189 
81 21.139648029 
82 22.052945818 
83 23.7614980742 
84 25.9056975186 
85 1.61978595163 
86 20.0482335395 
87 16.5996125399 
88 -0.308571896667 
89 25.9205603424 
90 17.5526839944 
91 22.7100185754 
92 18.005858942 
93 17.1086719978 
94 22.4153278611 
95 17.891155107 
96 28.3830683968 
97 24.6828260835 
98 28.7621255234 
99 19.0413408552 
100 20.1109796072 
101 24.2091590555 
102 24.8709243171 
103 19.2265373831 
104 20.6479396029 
105 32.2241173003 
106 23.2762832831 
107 25.9684910543 
108 9.98243690616 
109 23.2716021299 
110 21.3682843099 
111 23.2291169158 
112 1.33281410977 
113 24.861426483 
114 18.6838178697 
115 25.3724195036 
116 17.6578060236 
117 23.4041807445 
118 21.1897868191 
119 22.819261233 
120 21.1641388807 
121 25.5641490738 
122 20.226508035 
123 16.6415727174 
124 23.3477306384 
125 15.5595364693 
126 16.0096858448 
127 28.9249485235 
128 3.32726632653 
129 20.578422649 
130 19.4064365114 
131 26.1178098412 
132 22.8963363222 
133 21.6353121324 
134 38.5857273024 
135 2.28051483133 
136 18.9168255126 
137 20.8694445372 
138 24.008409015 
139 17.1759268856 
140 24.2727802926 
141 18.0052473921 
142 21.8333483758 
143 15.9107325868 
144 23.4402212067 
145 25.0001735359 
146 14.9525768136 
147 26.2050432439 
148 25.0410253204 
149 25.6604927162 
150 12.0366469937 
151 25.1599582902 
152 24.6623729677 
153 25.77391595 
154 23.7401152556 
155 22.5639253122 
156 21.6818649038 
157 26.8714389659 
158 29.5308649906 
159 24.1925347201 
160 22.7486708995 
161 16.1181364208 
162 17.1020526053 
163 27.0900635156 
164 28.4856113878 
165 27.9030182442 
166 20.8671850544 
167 25.5872620867 
168 26.9116877079 
169 16.2403682396 
170 23.7962474094 
171 20.5122282485 
172 28.696195386 
173 19.8323864796 
174 25.670145447 
175 30.2160531928 
176 23.6455757723 
177 18.129477917 
178 25.54331981 
179 20.7484227218 
180 19.9490577767 
181 35.998577386 
182 13.8471075454 
183 21.5842676426 
184 34.6516339649 
185 14.7009326625 
186 28.6635843796 
187 15.6037359316 
188 1.67434100832 
189 18.4048061823 
190 27.9174610152 
191 34.2261088015 
192 27.6056863035 
193 24.597712991 
194 40.0442614592 
195 24.2681607057 
196 25.118379107 
197 16.4758763578 
198 14.5500615056 
199 19.0059799136 
200 22.7431431732 
201 22.454817054 
202 25.5024196215 
203 21.7784790208 
204 26.2538621241 
205 24.4115088699 
206 25.3969755928 
207 22.1246960458 
208 34.4854433594 
209 19.5644795469 
210 22.9294185593 
211 18.548925342 
212 25.6779800865 
213 20.8255256338 
214 19.6602271963 
215 17.8190969887 
216 21.1477827361 
217 16.6147616843 
218 13.9352492268 
219 29.2708493002 
220 25.9719846084 
221 19.421766756 
222 19.2421519552 
223 22.975258523 
224 21.1849009322 
225 24.0332951185 
226 22.1768076532 
227 26.9600907161 
228 23.7945309278 
229 24.0509588556 
230 19.0649240557 
231 11.5626566533 
232 32.4073479253 
233 26.9754622435 
234 18.9870714164 
235 36.0326425326 
236 17.7762238873 
237 15.2595535674 
238 20.0349709113 
239 17.9372737128 
240 18.3900548373 
241 30.2602912388 
242 22.0230665028 
243 18.9154766711 
244 16.8043851299 
245 27.1651902196 
246 20.9921191056 
247 21.4386899407 
248 21.5912546077 
249 19.6244650337 
250 25.1874506093 
251 22.4413820351 
252 21.2337359359 
253 24.1614725084 
254 20.5581677191 
255 24.2932809194 
256 19.2943075412 
257 22.8446139003 
258 23.1253146812 
259 19.7807496532 
260 17.6712692091 
261 22.2259567387 
262 19.3806349302 
263 20.6429121507 
264 23.1008587355 
265 23.8367014371 
266 16.4918611728 
267 18.700302315 
268 18.8800215713 
269 21.810247041 
270 25.4791103302 
271 14.0929430745 
272 17.2345912272 
273 21.8758769996 
274 26.5460883601 
275 21.240132558 
276 23.5965559747 
277 31.2885054003 
278 21.6858936034 
279 24.8264504034 
280 14.4043864548 
281 16.3988840243 
282 22.9534438014 
283 22.823322086 
284 20.0715199074 
285 20.9581123782 
286 20.1630522651 
287 18.3253527221 
288 18.9274043546 
289 16.4150738532 
290 26.4642811966 
291 13.1543931707 
292 15.7173129676 
293 19.2210659699 
294 1.0167925074 
295 11.8453848213 
296 24.0850929828 
297 22.3886564907 
298 18.0899961274 
299 21.8943767554 
300 28.8899017147 
301 25.5421768378 
302 18.9891012384 
303 24.3583232436 
304 21.0426546779 
305 22.47846238 
306 21.8385556559 
307 30.5125106904 
308 25.5116488496 
309 28.4546631087 
310 20.1416301529 
311 22.0010722279 
312 35.203081112 
313 24.1055023713 
314 21.1081286512 
315 -0.860917833717 
316 23.8141234328 
317 22.2364280694 
318 17.979511291 
319 21.0990792805 
320 11.9058826371 
321 22.5416404605 
322 35.1561234026 
323 22.3250753853 
324 22.7971749071 
325 25.2123607165 
326 18.9375267255 
327 14.8506267783 
328 19.5416284447 
329 21.4707783127 
330 23.9669621515 
331 19.7987630602 
332 24.9519785576 
333 16.8348673678 
334 37.8095014958 
335 23.268819205 
336 24.9561968368 
337 30.2881536867 
338 20.4971314484 
339 10.3838948938 
340 19.4242738287 
341 21.8501576528 
342 21.6455063305 
343 19.6071126365 
344 18.9644812094 
345 19.552009356 
346 24.0082457694 
347 16.7958684282 
348 21.8031322511 
349 21.8204216547 
350 20.6971181464 
351 22.6651441168 
352 28.4380324551 
353 24.0232046538 
354 22.3660043545 
355 22.71277059 
356 24.3773139436 
357 26.107475666 
358 27.6464107592 
359 25.3915522469 
360 26.3396145615 
361 17.5975308624 
362 19.4753846748 
363 1.89349287684 
364 26.2043295411 
365 0.0834403864983 
366 22.3857174207 
367 28.0281294757 
368 22.3593982765 
369 21.7132794747 
370 17.1260671579 
371 18.2999597065 
372 21.5352088596 
373 28.9340455367 
374 17.130948863 
375 23.6883063178 
376 33.5990007077 
377 21.9099993245 
378 19.9488981277 
379 24.0455947249 
380 27.3192534848 
381 18.176653856 
382 21.0097191933 
383 36.2566515608 
384 29.7418134678 
385 26.330756237 
386 24.8132629501 
387 24.2140961033 
388 29.746683367 
389 24.8729442858 
390 23.610155785 
391 21.5470046639 
392 28.2304946791 
393 18.2731647041 
394 19.0595687553 
395 21.2742218269 
396 22.0063867501 
397 23.1158647763 
398 18.8417347267 
399 24.8294243089 
400 21.065769811 
401 19.6779983794 
402 20.408771347 
403 31.2265506666 
404 24.2777810766 
405 23.7607447345 
406 33.0039241821 
407 33.4320241888 
408 28.7683435255 
409 18.5785109986 
410 14.813507358 
411 19.8813119483 
412 23.2813557368 
413 24.8031800008 
414 20.9026320031 
415 20.1817036455 
416 26.9663917546 
417 16.1780276884 
418 25.0578762365 
419 23.4210177309 
420 27.23341366 
421 22.5437792012 
422 17.9381349193 
423 17.5894936802 
424 26.4416934213 
425 22.6387634309 
426 15.8514117125 
427 17.2542118167 
428 19.817390568 
429 23.3926525501 
430 22.2488555953 
431 23.5251139975 
432 27.7187339569 
433 25.1995342027 
434 11.0825880616 
435 25.4399413677 
436 21.525707137 
437 16.5185233561 
438 27.4983080592 
439 29.0932063626 
440 29.5881695955 
441 28.0054375553 
442 27.6827169594 
443 24.6757402898 
444 24.0085528164 
445 17.436426391 
446 25.7351600968 
447 24.6140356336 
448 24.6044315315 
449 18.8760082603 
450 26.9888744952 
451 23.5224887865 
452 21.7006424902 
453 20.725445181 
454 23.3400650609 
455 25.1097523295 
456 14.6563972786 
457 23.4742317216 
458 25.551388305 
459 26.2139703919 
460 19.0836828411 
461 1.59627289988 
462 25.812620481 
463 24.4374537247 
464 23.1968566223 
465 24.0467727828 
466 25.0826635036 
467 24.5530019224 
468 22.5761803749 
469 0.720383359469 
470 26.9115176908 
471 21.9124164226 
472 26.4354870522 
473 27.9710368256 
474 23.7294323159 
475 15.8417251835 
476 27.0848264417 
477 18.6603914739 
478 22.4469302004 
479 28.9512994522 
480 21.3153506745 
481 23.768715543 
482 23.8058517084 
483 28.7632595795 
484 -2.306018278 
485 24.4893544717 
486 22.6233377915 
487 16.3114670458 
488 15.5159677603 
489 26.1456729867 
490 26.9811936246 
491 23.8947558263 
492 19.6617144791 
493 30.399429189 
494 23.667849078 
495 29.7849894604 
496 18.2247154509 
497 25.9132936604 
498 21.1799142624 
499 20.667147385 
500 27.0538558901 
501 33.5373420357 
502 28.6422446232 
503 20.9571488959 
504 23.3045457988 
505 25.7188199402 
506 22.0343397266 
507 13.9414724336 
508 23.7499931923 
509 19.8006855151 
510 20.8346454866 
511 19.5356198589 
512 26.7085438549 
513 21.7102427559 
514 22.8644736227 
515 15.7796469066 
516 26.0299218323 
517 18.3126626634 
518 17.4075290177 
519 13.6041863237 
520 18.5434555633 
521 19.8715195046 
522 22.9241088504 
523 22.5026889151 
524 1.25336658656 
525 29.5908706242 
526 21.6143029738 
527 20.7293132257 
528 20.1666909307 
529 25.9489391128 
530 18.4961959766 
531 29.2695447949 
532 24.1434527382 
533 25.0486431533 
534 18.6012706715 
535 30.4607013864 
536 14.2092634874 
537 23.9033683449 
538 23.9247392888 
539 22.4639440426 
540 21.4633658272 
541 18.845162818 
542 18.4907752958 
543 19.5319348174 
544 25.4092578949 
545 31.9955214224 
546 26.6062972078 
547 34.5027435382 
548 20.4205492742 
549 16.9038503068 
550 31.5708286637 
551 21.2727113599 
552 22.7548939892 
553 18.1301130769 
554 25.5290016445 
555 16.9334375602 
556 12.2856372562 
557 20.8741780808 
558 12.1138731383 
559 21.3312407321 
560 23.8174540071 
561 26.490366014 
562 20.9263655796 
563 21.2905689625 
564 19.9924027062 
565 28.3993507866 
566 16.4571293435 
567 29.1611354387 
568 18.5187073929 
569 20.8771132134 
570 23.5395170876 
571 31.3756855706 
572 25.170393465 
573 17.2909036898 
574 25.3453086581 
575 21.7324608766 
576 24.0546721746 
577 26.1592774714 
578 25.4451228147 
579 20.3783869278 
580 23.7428872348 
581 19.7783712194 
582 21.7494757173 
583 21.7334440283 
584 24.4602632669 
585 10.2457249085 
586 0.361506829969 
587 19.5005690717 
588 18.4288732157 
589 15.5613801011 
590 12.2656189369 
591 24.4600700062 
592 22.1620083629 
593 25.0322342117 
594 18.6131638295 
595 19.9328135477 
596 18.4527105656 
597 22.8327063646 
598 26.9334110723 
599 17.2095422564 
600 28.2371515936 
601 24.1673581062 
602 23.3344910273 
603 26.1985522607 
604 24.2361521203 
605 21.0464180067 
606 27.0801716732 
607 24.1764708417 
608 19.5743862277 
609 16.7563337776 
610 27.4432571226 
611 22.1727130501 
612 18.5596555934 
613 18.7484100613 
614 25.8520552137 
615 22.9020111917 
616 22.1391030583 
617 28.5382395292 
618 27.4838674228 
619 30.070266846 
620 18.3801722429 
621 23.5462896558 
622 22.5670944579 
623 25.4439991553 
624 25.1955125765 
625 17.6972386501 
626 25.7786535589 
627 28.1028916276 
628 23.3442281699 
629 22.6240168065 
630 22.3686062714 
631 24.0146928408 
632 26.6084278863 
633 21.8278160295 
634 19.3780023302 
635 24.4694821882 
636 23.2711427946 
637 34.3996783001 
638 24.5218726875 
639 19.4688231861 
640 27.55464549 
641 16.7000693754 
642 -0.086197563154 
643 19.810713142 
644 21.2946112742 
645 23.8183574793 
646 25.0296494681 
647 17.9224065448 
648 19.145671513 
649 22.1244331553 
650 20.8353490446 
651 17.5518961843 
652 30.1702373153 
653 23.979796005 
654 22.9292850915 
655 22.0657423408 
656 30.5729186364 
657 21.9229876495 
658 18.1690789483 
659 27.6149858116 
660 18.1757571758 
661 13.9003624649 
662 22.2256469865 
663 21.2855087352 
664 21.8733537558 
665 29.6992419418 
666 29.5432989147 
667 21.833354705 
668 23.3615759163 
669 30.0256445044 
670 26.3262865221 
671 27.7407901293 
672 28.5139527733 
673 0.842988423082 
674 21.5455314923 
675 18.2328572064 
676 23.0883235209 
677 24.9464528685 
678 26.2403822989 
679 23.0103190058 
680 15.7883292085 
681 21.2450300065 
682 17.5614044783 
683 26.2431071971 
684 28.1119096357 
685 16.012190205 
686 20.6386579453 
687 26.8107368459 
688 22.5882289332 
689 23.962150124 
690 27.2185265589 
691 30.4723341555 
692 24.941771717 
693 20.6313817772 
694 25.0820523327 
695 18.6212184659 
696 22.1349894588 
697 20.2623511363 
698 19.9618079593 
699 27.2734625823 
700 39.4776700702 
701 21.6784965075 
702 28.1906030197 
703 -2.9658382539 
704 14.4704008983 
705 26.991226946 
706 21.5669767346 
707 21.0624495907 
708 22.8116061452 
709 19.9096498043 
710 21.3805496363 
711 20.6226644753 
712 29.4981497038 
713 33.9833422226 
714 17.4991579471 
715 25.5193789478 
716 22.4548294039 
717 15.6386252116 
718 24.8590179068 
719 24.5491766362 
720 25.286197218 
721 20.0556993478 
722 29.242257531 
723 29.6606006809 
724 21.3630444446 
725 21.8212622918 
726 23.9819365069 
727 23.0970863866 
728 14.4375837841 
729 25.1168093387 
730 17.4366560361 
731 18.5487191697 
732 24.264272076 
733 17.5301618492 
734 28.1625139344 
735 32.2060050568 
736 25.8471475497 
737 14.544409814 
738 17.1384358099 
739 18.6979875342 
740 26.3251270175 
741 18.5770554296 
742 25.3396652796 
743 27.4861701637 
744 20.2241073834 
745 24.3771069724 
746 16.1905131022 
747 20.0588118489 
748 18.8164532754 
749 23.6658735699 
750 27.5914364986 
751 25.734692211 
752 27.9809848426 
753 18.7472252052 
754 23.5958680555 
755 26.7003127418 
756 2.55980129578 
757 20.6991075539 
758 17.768491191 
759 22.1592747284 
760 23.529060302 
761 19.2878655269 
762 21.4075928442 
763 23.2702308446 
764 18.3980774502 
765 28.3942569386 
766 24.972326414 
767 24.8701752453 
768 27.8663710697 
769 20.5472921783 
770 27.0518683197 
771 27.6942431829 
772 21.0011494841 
773 18.2124325997 
774 24.3880889361 
775 27.2259525918 
776 21.6549072214 
777 21.2917627168 
778 29.5753269002 
779 31.4467933662 
780 18.1089880857 
781 22.7617394538 
782 22.7615600631 
783 21.8096702668 
784 24.3303665585 
785 27.602870214 
786 17.4805103827 
787 22.9290392646 
788 19.5066345514 
789 22.7397439899 
790 32.5759224574 
791 19.5105077515 
792 15.9024350372 
793 24.5921296018 
794 24.7000046138 
795 24.1667087411 
796 18.7055596927 
797 16.0943821498 
798 19.3716348118 
799 26.7153448775 
800 28.6566486947 
801 22.4806722493 
802 29.2617000994 
803 22.8638553353 
804 21.2513473648 
805 28.0738067572 
806 17.5956169845 
807 -2.91264009816 
808 21.1405638036 
809 23.197292351 
810 20.671932893 
811 25.9363978341 
812 26.1487503348 
813 20.8478997853 
814 27.0082960934 
815 25.249406835 
816 24.7199141922 
817 22.8922408322 
818 23.3047765628 
819 23.6486871567 
820 17.014802876 
821 21.860123913 
822 26.1327113923 
823 17.640833915 
824 16.8505561408 
825 21.5524505356 
826 18.2535387304 
827 18.2020833511 
828 22.8478157874 
829 20.5526398221 
830 18.6062129414 
831 19.1871283203 
832 28.0736610826 
833 24.4222370178 
834 27.1165264792 
835 21.441876573 
836 32.6023687051 
837 0.755815994004 
838 21.2150010951 
839 19.2934841303 
840 23.0266884251 
841 17.776336854 
842 25.4993798383 
843 20.8528510161 
844 25.0352922503 
845 29.0250374237 
846 21.5229626186 
847 16.6155288754 
848 19.5948388219 
849 19.4477409923 
850 23.6120761959 
851 20.3610204467 
852 24.6820850409 
853 31.6063376606 
854 26.0601473391 
855 14.9371879995 
856 19.3968884492 
857 15.2364343571 
858 22.7585732387 
859 17.1467583684 
860 23.4734190798 
861 28.9787010506 
862 22.4916635161 
863 22.3661309474 
864 24.1455736815 
865 18.8287016247 
866 26.7363326374 
867 21.5117662893 
868 22.7111741349 
869 22.1180959812 
870 20.3558727517 
871 23.6814167931 
872 19.8901026361 
873 15.29325548 
874 18.8626908977 
875 20.5802675521 
876 17.6841430091 
877 14.9919947097 
878 38.8895007499 
879 25.8139396967 
880 29.7889390942 
881 23.9405607653 
882 20.7773397591 
883 30.0683178107 
884 24.770214067 
885 19.715262109 
886 14.7748903324 
887 23.7265373675 
888 19.51287273 
889 30.9180438365 
890 19.7562660655 
891 18.6607014939 
892 16.8595348581 
893 23.7941894934 
894 23.9263204121 
895 14.3004253073 
896 25.5086224534 
897 20.5987823423 
898 18.5456247132 
899 23.1980799438 
900 16.7423085391 
901 23.4544537176 
902 27.2745512526 
903 16.4799860081 
904 24.8057275989 
905 17.4067567074 
906 22.5742570426 
907 20.9105925183 
908 17.4059205396 
909 22.989356525 
910 24.9795081821 
911 1.72508295662 
912 23.8446110075 
913 19.4539474506 
914 17.9697969464 
915 15.8790218532 
916 25.8445463981 
917 16.777775747 
918 23.2175339299 
919 24.2687519649 
920 17.7195217022 
921 24.7290640582 
922 22.2614424413 
923 15.5116677286 
924 27.2998482087 
925 26.7768316399 
926 21.2487187861 
927 20.1884094054 
928 22.2624870223 
929 26.0023796402 
930 24.2713163514 
931 21.6180955549 
932 25.1007589685 
933 27.0763282785 
934 22.7249950185 
935 24.68997461 
936 22.5204177377 
937 27.0199427276 
938 20.9926727617 
939 32.1181260778 
940 23.5134354058 
941 15.9002810343 
942 22.6614956084 
943 28.3853491587 
944 19.1092524123 
945 20.4207355248 
946 15.961952348 
947 26.8154910143 
948 19.3415318291 
949 15.889586037 
950 20.9583799029 
951 28.6106170852 
952 23.4788679668 
953 26.208981732 
954 18.8900999604 
955 20.4345562938 
956 23.0053305703 
957 19.8391665983 
958 28.9440389728 
959 28.5712177347 
960 24.4151728441 
961 19.1953583628 
962 31.8552892008 
963 17.6034766049 
964 18.6576418933 
965 19.7286524303 
966 24.4956889406 
967 15.3240960644 
968 2.67855711356 
969 15.5164561127 
970 25.5551967082 
971 23.8101984055 
972 19.6175324704 
973 14.6157511313 
974 19.8083757332 
975 25.7091252814 
976 20.5835394122 
977 0.636081818925 
978 14.71622674 
979 19.0678171866 
980 -0.446230540218 
981 29.5993678881 
982 22.346165065 
983 27.3596677129 
984 27.6086555203 
985 19.6584092265 
986 15.0447130589 
987 16.580998734 
988 13.7104043246 
989 30.3874387485 
990 20.5535496748 
991 20.4846354585 
992 19.315144094 
993 22.2587225046 
994 21.7964241809 
995 25.5909987525 
996 18.4606498027 
997 21.2770567252 
998 16.9928155619 
999 18.7275743816 
1000 23.981041343 
1001 13.8523633349 
1002 28.6349924638 
1003 17.8790785325 
1004 24.4244225799 
1005 21.2320790199 
1006 21.3391054463 
1007 21.6180108857 
1008 23.9211181439 
1009 19.9573819657 
1010 26.9735533139 
1011 25.5024087573 
1012 22.0862926415 
1013 20.9373142809 
1014 16.5664183611 
1015 26.5986313955 
1016 17.0371514299 
1017 16.0466104836 
1018 29.6347663244 
1019 23.7221937627 
1020 25.7623685775 
1021 21.3960078159 
1022 19.3168873763 
1023 25.0884134366 
1024 27.7641757156 
1025 24.7425270879 
1026 21.3290600894 
1027 25.5490321949 
1028 24.5882988209 
1029 25.9243572147 
1030 31.4474353736 
1031 1.97568308297 
1032 21.2120220973 
1033 20.8195604301 
1034 39.3459088486 
1035 22.1016762688 
1036 22.5234732811 
1037 20.9642553112 
1038 25.5766641087 
1039 19.370955335 
1040 20.4611634332 
1041 26.8391112254 
1042 22.0030859392 
1043 21.5410013751 
1044 26.665029556 
1045 20.0846511364 
1046 26.7012621059 
1047 17.9895183033 
1048 23.1962152339 
1049 13.4034652855 
1050 23.8249945378 
1051 26.7402332271 
1052 21.8244429364 
1053 21.7021695424 
1054 24.0477230408 
1055 20.6117215306 
1056 23.7387521031 
1057 21.6271255587 
1058 12.6704475763 
1059 1.22338387141 
1060 14.0383157239 
1061 23.5304098342 
1062 28.1244430452 
1063 16.805001116 
1064 6.24861423406 
1065 22.684668954 
1066 27.5060092529 
1067 26.2023204761 
1068 24.8051524601 
1069 27.2325333721 
1070 23.575762011 
1071 14.993801406 
1072 23.5853120636 
1073 29.5118999199 
1074 19.6064659202 
1075 13.9821030216 
1076 21.7734725412 
1077 22.3531936178 
1078 28.1249039843 
1079 17.1469139866 
1080 24.9276099581 
1081 28.7788311163 
1082 26.0011300769 
1083 24.5055618381 
1084 16.574203346 
1085 23.1387587096 
1086 26.6490352754 
1087 25.4433382675 
1088 24.9797297774 
1089 11.7932505973 
1090 26.3335596388 
1091 14.9711886766 
1092 21.8395066622 
1093 22.3927014872 
1094 24.9014942217 
1095 18.7710848671 
1096 20.4900949364 
1097 24.0440009371 
1098 28.5546223486 
1099 22.4941294332 
1100 20.713497777 
1101 22.9433894365 
1102 21.7007832853 
1103 29.2320514224 
1104 25.9778225745 
1105 28.7598333566 
1106 25.9686647019 
1107 22.3986614383 
1108 21.6926672226 
1109 28.1189112161 
1110 25.2191891294 
1111 31.797616342 
1112 27.7969770742 
1113 32.951125826 
1114 35.972308458 
1115 19.9496152796 
1116 17.2430756128 
1117 15.9614616643 
1118 19.180392131 
1119 16.3492697018 
1120 22.6954397903 
1121 12.3340220783 
1122 24.789016233 
1123 25.4644178707 
1124 22.064646352 
1125 18.3520170321 
1126 32.158358719 
1127 20.8890167037 
1128 21.6439483505 
1129 26.3808143604 
1130 20.6670957392 
1131 28.307910071 
1132 25.8214266864 
1133 24.8785428409 
1134 17.3707360591 
1135 12.8500342706 
1136 19.8094876394 
1137 20.6508377329 
1138 20.4255798222 
1139 23.8930480493 
1140 18.8528298921 
1141 10.5605386918 
1142 26.8154849766 
1143 30.4137094205 
1144 17.1708938707 
1145 24.9584416153 
1146 15.8417395447 
1147 22.346957764 
1148 20.5491845106 
1149 -2.23989875556 
1150 25.190371074 
1151 21.1503757724 
1152 21.7820977499 
1153 19.8939365652 
1154 27.2358518875 
1155 26.4594663777 
1156 22.5139196649 
1157 21.7734445358 
1158 22.158770918 
1159 25.1620750797 
1160 23.1662128387 
1161 24.6099051902 
1162 39.6937396275 
1163 36.6944003168 
1164 19.7073030134 
1165 23.7743196256 
1166 30.0461185352 
1167 22.2849973472 
1168 -3.65917000017 
1169 1.0251695918 
1170 19.3347006585 
1171 22.2860545759 
1172 28.3010006052 
1173 25.5417660761 
1174 26.6136946326 
1175 32.6806245946 
1176 16.0820975386 
1177 14.8162447735 
1178 24.35037181 
1179 24.2690146838 
1180 20.8625265598 
1181 20.0955526188 
1182 21.1806080491 
1183 -0.0213437163718 
1184 29.3704121195 
1185 20.9761965371 
1186 21.6620973966 
1187 25.6403447663 
1188 19.0930040446 
1189 22.6574592636 
1190 18.5780487802 
1191 22.6361478611 
1192 22.6236400348 
1193 13.9437465857 
1194 24.6089181689 
1195 13.2839475334 
1196 24.6931714281 
1197 23.2662992832 
1198 24.2236644816 
1199 17.9309498887 
1200 26.5769280187 
1201 27.4042038778 
1202 14.166415739 
1203 19.6393432089 
1204 24.1123087262 
1205 18.9095948723 
1206 16.0402262885 
1207 25.3403322203 
1208 26.1210542338 
1209 22.4349492829 
1210 29.2190535868 
1211 19.99062713 
1212 27.0391897723 
1213 22.2992454658 
1214 25.6623980777 
1215 21.8613443151 
1216 21.0634167131 
1217 18.6402199345 
1218 25.3191403739 
1219 29.83937895 
1220 22.9345356904 
1221 25.9899464617 
1222 28.4819065727 
1223 17.1738508107 
1224 25.4402238343 
1225 37.8560399321 
1226 20.2090701292 
1227 26.9200736793 
1228 18.8552246179 
1229 13.8872582128 
1230 28.9453998143 
1231 24.6556010413 
1232 16.693473597 
1233 25.1508080345 
1234 21.7143504375 
1235 23.2006415767 
1236 15.9605720168 
1237 21.8042945111 
1238 41.3790106969 
1239 19.5155262631 
1240 20.1011746069 
1241 30.3839286707 
1242 24.1837032686 
1243 24.177946675 
1244 27.5564997659 
1245 22.9575377248 
1246 26.1482906078 
1247 21.8579891411 
1248 16.5673534941 
1249 26.3944196035 
1250 26.3725462503 
1251 12.5490169529 
1252 22.8552067026 
1253 24.7028314264 
1254 19.3629383876 
1255 13.5687893019 
1256 31.0038614941 
1257 19.8500463881 
1258 27.0458610129 
1259 27.5021177914 
1260 14.7858296525 
1261 24.8459083219 
1262 20.9686225523 
1263 20.4074976695 
1264 32.1639863644 
1265 25.7123071842 
1266 27.4537204223 
1267 18.6933925094 
1268 20.9100796921 
1269 1.07259180539 
1270 14.0948989889 
1271 29.7157537934 
1272 15.3204669129 
1273 21.9548557908 
1274 16.4435436354 
1275 22.3418089636 
1276 23.6132462146 
1277 19.8054482533 
1278 24.507940066 
1279 16.6962539654 
1280 27.5373787513 
1281 12.7468788573 
1282 25.8646645986 
1283 17.8027016907 
1284 27.6888835479 
1285 26.0173516374 
1286 19.9104862552 
1287 23.201884239 
1288 29.4287010806 
1289 23.6692689156 
1290 -1.22383161596 
1291 20.4594993676 
1292 18.9409056965 
1293 27.1670342204 
1294 28.5071468889 
1295 25.7294471684 
1296 21.8949482196 
1297 19.2886910176 
1298 13.7236818377 
1299 33.6889685298 
1300 21.8182037798 
1301 19.6931054629 
1302 25.2481513323 
1303 26.1263311709 
1304 17.2458061949 
1305 24.0838304716 
1306 23.1648978098 
1307 21.8230779906 
1308 27.3000334184 
1309 22.3246948911 
1310 17.0977705081 
1311 26.4610360946 
1312 28.8772484574 
1313 17.3257744592 
1314 16.5346940461 
1315 16.7953911292 
1316 27.0107049478 
1317 23.640269249 
1318 27.4994084408 
1319 21.9594109615 
1320 14.9326086454 
1321 22.5857511917 
1322 23.127526353 
1323 20.7108328826 
1324 25.5110820649 
1325 22.1662705196 
1326 3.03403066309 
1327 22.2883870638 
1328 26.9149739664 
1329 27.2706616105 
1330 19.5426488482 
1331 24.6470545716 
1332 30.6079574796 
1333 31.6488482097 
1334 22.572905016 
1335 20.0427274047 
1336 23.5655779131 
1337 25.4694633766 
1338 20.7661905237 
1339 17.3771973362 
1340 26.0014851868 
1341 39.7933135174 
1342 18.3703387067 
1343 32.8443896365 
1344 23.2264382506 
1345 22.899050381 
1346 24.6178068239 
1347 23.8346531182 
1348 18.7905769196 
1349 21.724512925 
1350 15.5581627906 
1351 23.7838507965 
1352 19.5986172979 
1353 23.3604384716 
1354 26.3030146047 
1355 25.2167824587 
1356 24.9521711102 
1357 23.5683601049 
1358 19.0119902644 
1359 23.4502728416 
1360 17.7961824516 
1361 27.688790179 
1362 18.4747142974 
1363 31.6399182816 
1364 18.3869846409 
1365 27.5641977933 
1366 15.6317576002 
1367 23.6357660159 
1368 24.0878473887 
1369 30.3775236466 
1370 3.17661945741 
1371 22.2117074289 
1372 28.8490326871 
1373 20.1273034636 
1374 18.6321668307 
1375 23.9529554368 
1376 26.4703130889 
1377 25.1777233431 
1378 24.6613145238 
1379 21.8807400128 
1380 17.9263972806 
1381 24.2609442316 
1382 25.1208607216 
1383 24.7193213996 
1384 26.1988666278 
1385 24.7489952491 
1386 -1.97194449169 
1387 26.2913104919 
1388 26.3533470926 
1389 27.2449519569 
1390 19.8148267878 
1391 29.7899493528 
1392 22.6113656504 
1393 24.6149571583 
1394 16.2486579154 
1395 32.493041957 
1396 32.0994281658 
1397 21.8505330769 
1398 30.794287873 
1399 26.2861409272 
1400 21.7247084648 
1401 27.0344515164 
1402 18.5533079471 
1403 16.3830775858 
1404 23.4758745293 
1405 13.80291694 
1406 32.0094842197 
1407 21.9220553585 
1408 25.9058684604 
1409 26.349742035 
1410 24.7558868778 
1411 28.0903560269 
1412 14.2743245101 
1413 26.7183837559 
1414 27.3165405027 
1415 14.7034637714 
1416 18.78452363 
1417 19.2470270532 
1418 23.8085142166 
1419 27.0836294541 
1420 31.074462066 
1421 25.5012679221 
1422 27.463156424 
1423 28.045235789 
1424 30.1199986893 
1425 13.3323254432 
1426 26.7194272479 
1427 16.970355258 
1428 26.2026742756 
1429 20.47743148 
1430 22.7414570563 
1431 22.2229210059 
1432 26.7564873128 
1433 42.8004796426 
1434 18.4743771978 
1435 27.8292420754 
1436 20.0196482519 
1437 19.2736059029 
1438 13.1566577114 
1439 27.9123175242 
1440 20.9059684985 
1441 24.8972466051 
1442 25.5622823322 
1443 23.7450688316 
1444 20.7545398918 
1445 21.6250124417 
1446 22.1839060336 
1447 19.4138253266 
1448 18.6846532052 
1449 27.3120771931 
1450 21.33126565 
1451 26.9140924378 
1452 24.3685612117 
1453 17.6696778898 
1454 28.5813157433 
1455 30.0227921608 
1456 19.0677915315 
1457 18.9622074292 
1458 25.53078564 
1459 26.6287387958 
1460 24.2614839853 
1461 31.5665000273 
1462 24.6665088475 
1463 20.7492547149 
1464 24.9215371126 
1465 21.3683029761 
1466 0.42208608198 
1467 24.1650210297 
1468 19.0108302972 
1469 9.24516343852 
1470 22.0463344925 
1471 21.9352510281 
1472 22.8688247565 
1473 26.8796067765 
1474 19.793404577 
1475 16.1109973299 
1476 22.6987815941 
1477 22.6549207036 
1478 19.3903049932 
1479 29.4868169708 
1480 25.0371340887 
1481 24.5749006786 
1482 15.9378070974 
1483 25.608297561 
1484 29.9978475108 
1485 -1.49985708803 
1486 14.9820951846 
1487 12.1849881342 
1488 22.1207140676 
1489 36.0831840794 
1490 24.1572407447 
1491 1.35986719236 
1492 27.534260238 
1493 23.8911694796 
1494 26.7387213125 
1495 23.5467994631 
1496 34.1380422352 
1497 17.8159592041 
1498 26.0616928082 
1499 18.2618391378 
1500 1.43039942634 
1501 21.3114815787 
1502 24.126230972 
1503 20.4631052599 
1504 20.8304450083 
1505 26.0097197875 
1506 21.2262949453 
1507 23.4691457513 
1508 20.4746285282 
1509 23.3765894711 
1510 27.3641854659 
1511 27.1819748513 
1512 32.0561198298 
1513 28.038054454 
1514 29.146547456 
1515 16.0383927177 
1516 26.9010257951 
1517 16.9311202697 
1518 19.6891965358 
1519 24.4395495253 
1520 24.1703864054 
1521 20.695272531 
1522 20.4722710053 
1523 22.7671977567 
1524 22.6374869801 
1525 21.7455798912 
1526 23.1679044635 
1527 19.4648049906 
1528 15.6646148848 
1529 23.3784985707 
1530 20.1820600635 
1531 19.8853580756 
1532 20.3435314007 
1533 23.3070986697 
1534 32.7472805305 
1535 15.4944559284 
1536 24.5227293588 
1537 18.1303212854 
1538 21.869735965 
1539 -0.461483948853 
1540 23.2956650506 
1541 26.9805340498 
1542 27.811087824 
1543 28.4078251641 
1544 17.1858349417 
1545 20.1949563624 
1546 26.9142734842 
1547 27.7848474237 
1548 17.7173841438 
1549 12.5601224556 
1550 20.2686608158 
1551 11.4788493728 
1552 25.7743598191 
1553 25.533673305 
1554 21.7516114548 
1555 27.8028466241 
1556 28.1729930076 
1557 17.6222339448 
1558 27.3620554934 
1559 26.628525724 
1560 28.1182365515 
1561 21.4188047049 
1562 28.6805911909 
1563 22.9889106014 
1564 13.0314010318 
1565 24.6757991039 
1566 13.8678227131 
1567 16.3561231313 
1568 26.2392163271 
1569 20.5735125486 
1570 24.1467997236 
1571 22.0180653666 
1572 23.7482841973 
1573 28.4525549665 
1574 26.7808647179 
1575 21.4844057949 
1576 11.8933924169 
1577 20.566260776 
1578 27.5639759512 
1579 13.131029282 
1580 23.0285577575 
1581 21.4949643051 
1582 14.3223360049 
1583 16.8950631806 
1584 24.5062778576 
1585 25.6708792758 
1586 16.8489237268 
1587 20.5012626701 
1588 32.5515657072 
1589 21.3475723101 
1590 18.714275759 
1591 15.1215402097 
1592 19.9355136691 
1593 18.8055373775 
1594 23.5997937249 
1595 16.2955947739 
1596 24.4665438086 
1597 26.8675207545 
1598 22.2070051209 
1599 17.8747308072 
1600 18.7677591192 
1601 27.7158142724 
1602 27.246104849 
1603 21.5444409534 
1604 24.2115667613 
1605 16.7577355431 
1606 21.59822359 
1607 21.9181602118 
1608 17.4008566985 
1609 17.9744993344 
1610 17.164217819 
1611 15.2622955029 
1612 35.6524374338 
1613 23.6205261936 
1614 24.6434900301 
1615 21.9118237945 
1616 15.599944813 
1617 20.7593080961 
1618 1.59595805926 
1619 21.8685826327 
1620 14.7539789194 
1621 25.0564713159 
1622 20.7504137517 
1623 21.7324846845 
1624 20.479188804 
1625 19.5149347833 
1626 19.2922009176 
1627 29.0442391265 
1628 17.4823093309 
1629 18.55312447 
1630 25.6997017332 
1631 22.9674510431 
1632 14.1022765915 
1633 21.7897435098 
1634 24.8656079952 
1635 28.1336165137 
1636 20.3448127646 
1637 21.9583592127 
1638 20.1314783361 
1639 22.3135374528 
1640 20.5293113325 
1641 22.0504722097 
1642 18.6769299214 
1643 23.5896342711 
1644 32.1440726561 
1645 24.8242671813 
1646 31.7164680966 
1647 25.8998720188 
1648 1.00748206156 
1649 19.6091625119 
1650 21.1828690785 
1651 17.7417656639 
1652 16.5479336656 
1653 20.8360645466 
1654 23.9079908575 
1655 24.300020401 
1656 19.4983422646 
1657 24.7426829236 
1658 -0.55275303718 
1659 20.5773488515 
1660 26.279958748 
1661 17.2964527604 
1662 20.2843519321 
1663 17.0020610514 
1664 24.6433236908 
1665 15.817535633 
1666 20.5130559693 
1667 26.1871364663 
1668 -0.229380476773 
1669 25.4517732759 
1670 14.1975638887 
1671 22.4128002011 
1672 26.4356426798 
1673 23.9504216095 
1674 28.1504740806 
1675 21.7930810492 
1676 16.9552810513 
1677 20.4973949491 
1678 26.8494521116 
1679 27.5296831669 
1680 27.2128775042 
1681 20.8937038931 
1682 19.2438717428 
1683 9.90091576846 
1684 20.8916773524 
1685 22.2876118553 
1686 24.6432951365 
1687 18.9283203791 
1688 26.9051460882 
1689 21.2341029806 
1690 27.1768960904 
1691 25.6129598596 
1692 28.9118851307 
1693 27.7168344455 
1694 20.2467635029 
1695 31.1707785857 
1696 22.5396907172 
1697 19.7417657501 
1698 26.0489507039 
1699 22.4471329544 
1700 25.6060395321 
1701 16.9838849489 
1702 21.1001681071 
1703 18.6509419948 
1704 23.0905113278 
1705 19.2664907293 
1706 32.2667441536 
1707 27.5508687993 
1708 15.0350571277 
1709 0.559084017204 
1710 27.189158167 
1711 27.389122496 
1712 25.6858077502 
1713 17.5875247601 
1714 23.1589672684 
1715 33.761920019 
1716 23.491794204 
1717 30.7785498487 
1718 22.5879708392 
1719 24.4240246324 
1720 20.8383121807 
1721 24.4947908231 
1722 22.839464612 
1723 17.7043331133 
1724 27.0529055439 
1725 21.0499274242 
1726 30.3228973327 
1727 17.0019115092 
1728 22.8185430803 
1729 14.6581717029 
1730 19.4966953261 
1731 20.4345475318 
1732 21.9099436171 
1733 31.1417292241 
1734 23.3108201212 
1735 21.0286660185 
1736 3.57288908376 
1737 19.9701927493 
1738 19.4549427403 
1739 21.4185431272 
1740 13.8990674153 
1741 24.937628931 
1742 21.5260354463 
1743 24.2542757388 
1744 29.6901179001 
1745 24.6715473832 
1746 16.6910661361 
1747 18.4075251058 
1748 29.1542731575 
1749 20.5923560966 
1750 22.1242186666 
1751 25.7471317103 
1752 35.9002975672 
1753 26.906856905 
1754 26.5071868086 
1755 24.7901514946 
1756 15.8695261491 
1757 24.2555387433 
1758 14.2943886209 
1759 23.0919425192 
1760 14.5060748779 
1761 21.1482214559 
1762 24.4368131815 
1763 21.0760679978 
1764 27.8755380845 
1765 27.634270739 
1766 30.5051887181 
1767 19.032414811 
1768 25.3308391327 
1769 24.8425075719 
1770 23.7848922008 
1771 24.497424715 
1772 25.6027363715 
1773 18.1748623812 
1774 22.594248216 
1775 26.8315132755 
1776 23.149471454 
1777 27.2515710239 
1778 21.1845873054 
1779 25.212389635 
1780 19.7165554433 
1781 20.811816895 
1782 26.6613356941 
1783 22.2067931523 
1784 27.3508541538 
1785 31.3175374388 
1786 28.1824321328 
1787 21.3376711631 
1788 24.0147937826 
1789 23.7081127813 
1790 27.5516524146 
1791 25.0347226704 
1792 0.652947576784 
1793 19.7127409014 
1794 26.7980805352 
1795 27.8591319546 
1796 15.372389493 
1797 24.2045165513 
1798 39.5556274261 
1799 18.1569856658 
1800 18.0461496698 
1801 26.3041712708 
1802 19.2831545688 
1803 36.4064724018 
1804 18.9183917878 
1805 20.6759400989 
1806 23.8754565148 
1807 20.385975663 
1808 24.6093160953 
1809 13.4051552549 
1810 29.3561724682 
1811 26.9917959053 
1812 14.0154978873 
1813 23.8796514878 
1814 24.2977731779 
1815 21.8440562788 
1816 19.2271461005 
1817 19.7732426887 
1818 20.367208034 
1819 26.387084065 
1820 24.2946922657 
1821 22.0950477066 
1822 22.8966357097 
1823 19.6454292809 
1824 24.3305446156 
1825 22.8691895294 
1826 14.6493067718 
1827 26.2309463846 
1828 26.3966722549 
1829 19.7586121538 
1830 21.024981561 
1831 20.2461396779 
1832 25.1865771389 
1833 23.6673990415 
1834 20.0418408734 
1835 33.0033234802 
1836 22.0346269925 
1837 21.6744753868 
1838 20.947056157 
1839 18.6159226209 
1840 21.9883782327 
1841 2.36864502346 
1842 16.5899946801 
1843 19.8343706995 
1844 28.8836725924 
1845 22.7638723008 
1846 20.8966787457 
1847 20.0963057889 
1848 13.6289675514 
1849 15.9328897988 
1850 30.7002397559 
1851 27.4041711273 
1852 25.7237321469 
1853 19.9747490219 
1854 24.6418266689 
1855 21.4891245091 
1856 21.7528512383 
1857 20.3854728478 
1858 9.64044489496 
1859 19.5176197114 
1860 25.2251533588 
1861 25.6018207033 
1862 27.5212534998 
1863 20.5304017723 
1864 15.730367346 
1865 18.20981143 
1866 25.1789487768 
1867 24.766082386 
1868 21.1843916534 
1869 27.0639828116 
1870 29.2046023106 
1871 26.9291947737 
1872 17.4384659346 
1873 40.7448779204 
1874 22.9169086508 
1875 32.1891306914 
1876 26.6012693788 
1877 25.9517409352 
1878 25.3511411486 
1879 21.78592247 
1880 13.9893125309 
1881 25.1198357075 
1882 21.2416008736 
1883 23.3154653261 
1884 20.4027427163 
1885 19.5599250746 
1886 24.3936037742 
1887 24.109917449 
1888 21.569596257 
1889 20.7742501846 
1890 19.8356640864 
1891 23.5180787099 
1892 11.8951960889 
1893 16.1490030218 
1894 22.6637763273 
1895 20.2860908046 
1896 24.5367200529 
1897 26.8125102784 
1898 22.92189447 
1899 30.7582384056 
1900 18.3148641751 
1901 29.6214131042 
1902 31.1289316952 
1903 21.1187329812 
1904 24.4479361872 
1905 15.4180558487 
1906 36.4730495756 
1907 0.945937818904 
1908 19.4723422784 
1909 31.3168308128 
1910 23.2380883632 
1911 33.4535835294 
1912 22.9294920565 
1913 25.7287211745 
1914 18.8435564953 
1915 0.580194600663 
1916 20.620262605 
1917 21.4527285401 
1918 21.7266341604 
1919 25.501156369 
1920 16.4188496752 
1921 21.6993016995 
1922 15.2339581284 
1923 26.148199998 
1924 26.2369286546 
1925 29.6015332242 
1926 21.891183528 
1927 29.4324407147 
1928 25.4066433275 
1929 14.2871488771 
1930 18.8770194531 
1931 18.0734362322 
1932 17.3793691852 
1933 24.5911516027 
1934 28.4537383397 
1935 23.4422342883 
1936 20.3264540314 
1937 15.6192854176 
1938 13.7413704771 
1939 24.8932006614 
1940 24.3436113395 
1941 34.7618494372 
1942 19.2112297149 
1943 25.1361593344 
1944 26.1495780419 
1945 16.6631824749 
1946 26.9936934261 
1947 19.5000491115 
1948 24.7701800308 
1949 19.792048289 
1950 25.5891885573 
1951 17.7689611657 
1952 24.2801258606 
1953 15.9701552353 
1954 36.1593653078 
1955 15.5228341853 
1956 22.9142737793 
1957 25.2640756201 
1958 17.8317656122 
1959 27.6506161646 
1960 14.8313884449 
1961 20.8344795605 
1962 20.9127084232 
1963 21.6014378358 
1964 26.5575605494 
1965 22.4212889595 
1966 26.4305084007 
1967 25.43879175 
1968 25.3904394944 
1969 13.8410430384 
1970 24.5349331021 
1971 23.1091525643 
1972 16.9755133806 
1973 17.8187117859 
1974 30.229310204 
1975 24.4042714672 
1976 19.0520005808 
1977 21.2129095223 
1978 16.3215271804 
1979 1.1067585285 
1980 27.7861203387 
1981 28.7998264493 
1982 26.6549422062 
1983 18.7066109821 
1984 25.8086010197 
1985 24.2259412363 
1986 18.0844268317 
1987 27.8586838142 
1988 23.8131467524 
1989 23.5296544235 
1990 24.9404394502 
1991 22.5651490735 
1992 18.8056972052 
1993 30.3526972166 
1994 21.7400434619 
1995 20.7254631322 
1996 21.2148664978 
1997 19.7301392613 
1998 23.75955745 
1999 18.1880566457 
2000 1.21300261879 
2001 17.903035878 
2002 19.3931257632 
2003 18.6718945503 
2004 20.3979185668 
2005 20.7913108996 
2006 31.371100726 
2007 24.1245828187 
2008 22.5569839979 
2009 24.6812586861 
2010 32.0204598315 
2011 22.6132322424 
2012 22.3986723881 
2013 30.582471981 
2014 23.8272046803 
2015 22.3738890836 
2016 27.2289706733 
2017 28.0736034541 
2018 12.5261457123 
2019 25.0074384881 
2020 24.4522316956 
2021 17.5908220013 
2022 23.1509677863 
2023 19.8848333682 
2024 17.4641714237 
2025 20.5483938579 
2026 25.4393418787 
2027 22.237661396 
2028 20.3048854622 
2029 15.0893724197 
2030 23.0290908945 
2031 26.1489268521 
2032 21.5751266027 
2033 24.5918763678 
2034 24.9167285481 
2035 25.651203758 
2036 22.6773640929 
2037 29.415039465 
2038 17.733377584 
2039 17.3100631744 
2040 30.0543206293 
2041 21.64939563 
2042 20.2324144919 
2043 24.3010647108 
2044 21.8396628198 
2045 21.7334399987 
2046 25.7909702955 
2047 21.6637010546 
2048 21.310377187 
2049 30.5623635001 
2050 13.7998462961 
2051 18.8565477036 
2052 22.802350899 
2053 25.3039690674 
2054 24.6927829599 
2055 25.3075918616 
2056 23.5935390484 
2057 18.9256156496 
2058 19.4001261352 
2059 23.2568611889 
2060 22.5419711246 
2061 20.0970467015 
2062 21.6232079458 
2063 23.4516436879 
2064 21.6427656525 
2065 20.9110597824 
2066 24.5839767445 
2067 28.7948775396 
2068 17.8998653556 
2069 20.7979875255 
2070 2.23585636809 
2071 17.1881733495 
2072 22.5166800749 
2073 29.4345179175 
2074 23.2766962818 
2075 27.4390312258 
2076 20.9639365955 
2077 21.2194725771 
2078 17.5260527178 
2079 21.3567216752 
2080 20.4846190174 
2081 24.0016237043 
2082 28.7457073432 
2083 18.8475572137 
2084 37.4456225005 
2085 18.5831011576 
2086 24.9436465984 
2087 16.3202506359 
2088 19.4886937049 
2089 34.9259872077 
2090 25.911719735 
2091 28.8620825274 
2092 28.9592325107 
2093 31.6240532136 
2094 20.3206327902 
2095 25.7142173556 
2096 37.6438837068 
2097 21.8219046308 
2098 27.553319691 
2099 28.74351077 
2100 18.4882619012 
2101 28.6682836042 
2102 26.5509779908 
2103 24.4044395634 
2104 21.7296743453 
2105 22.3298289276 
2106 22.1261390576 
2107 15.9764519705 
2108 20.0774730259 
2109 21.8210305051 
2110 14.1745233601 
2111 24.8756176517 
2112 28.0627434511 
2113 26.7358393592 
2114 29.318640502 
2115 20.0681128254 
2116 18.7019262254 
2117 15.5760037887 
2118 25.060220133 
2119 23.2996704711 
2120 21.0109230174 
2121 18.8720161868 
2122 20.5290494167 
2123 17.9016111754 
2124 17.9051223559 
2125 32.9113854058 
2126 22.7610039988 
2127 25.4962571882 
2128 13.5203073948 
2129 33.385065657 
2130 16.3761759545 
2131 27.6846367092 
2132 19.8777530463 
2133 17.8366912327 
2134 17.0506833671 
2135 27.0696061513 
2136 16.0595024496 
2137 21.6414381726 
2138 21.6379522488 
2139 22.1213705371 
2140 18.7990055753 
2141 23.9858945388 
2142 29.7622166764 
2143 12.7797268442 
2144 20.7265384266 
2145 29.5185799277 
2146 27.5779072641 
2147 29.3976219454 
2148 17.9581798543 
2149 16.5716659254 
2150 26.4833372159 
2151 27.7492949752 
2152 23.4825284085 
2153 23.1108895758 
2154 29.2620026325 
2155 16.431424515 
2156 24.8475630308 
2157 21.8329133223 
2158 18.5573059007 
2159 24.548274201 
2160 29.5917588267 
2161 22.1153383299 
2162 24.0855987526 
2163 15.8769121845 
2164 21.6670990133 
2165 28.9399964321 
2166 28.5704569014 
2167 36.1106265527 
2168 18.7082625146 
2169 20.018837729 
2170 16.1916874521 
2171 25.2998826065 
2172 17.822520091 
2173 16.3126503985 
2174 9.67266835549 
2175 28.0026323071 
2176 22.9190062564 
2177 25.3943971875 
2178 17.940992227 
2179 15.548433444 
2180 23.7613423033 
2181 18.9150241764 
2182 25.4612587792 
2183 20.3050644662 
2184 25.7634660734 
2185 27.6494186665 
2186 12.0791589498 
2187 16.0423192761 
2188 19.7982182422 
2189 21.6733255476 
2190 17.546820874 
2191 26.334426881 
2192 23.7044608049 
2193 17.4727487829 
2194 31.7938659264 
2195 28.2163651877 
2196 22.7603024512 
2197 19.44134578 
2198 21.7164735905 
2199 19.5034698533 
2200 22.6976718187 
2201 18.5553196151 
2202 30.1503637852 
2203 12.5482396329 
2204 25.2503134277 
2205 0.719294136929 
2206 13.5188584578 
2207 24.2595749132 
2208 16.8639696608 
2209 25.1346769724 
2210 21.8937670346 
2211 11.693403017 
2212 22.3523247899 
2213 25.9831525152 
2214 16.5621530485 
2215 17.4267520243 
2216 24.0893693277 
2217 23.2335552281 
2218 22.9019801518 
2219 17.6756275353 
2220 26.4439973322 
2221 13.8521129604 
2222 22.2672370229 
2223 22.2309247883 
2224 25.0109155776 
2225 27.1896558698 
2226 20.6303138055 
2227 34.8552550385 
2228 21.038315248 
2229 20.8291853037 
2230 19.961642748 
2231 21.9589087245 
2232 24.8517517159 
2233 19.2094553653 
2234 21.0652196023 
2235 27.6590638764 
2236 13.1546200637 
2237 25.6490320729 
2238 26.4109458688 
2239 30.6276444476 
2240 20.0042995658 
2241 19.9809167651 
2242 24.8212338484 
2243 25.434656885 
2244 15.6422376266 
2245 27.8017304568 
2246 25.4900086401 
2247 12.7966756862 
2248 22.035368676 
2249 23.5109828361 
2250 23.0474574417 
2251 27.4096245289 
2252 30.7263730826 
2253 20.4571154741 
2254 -2.59055548628 
2255 19.8286604894 
2256 21.9900468017 
2257 13.6048968464 
2258 24.2900486415 
2259 19.9183406452 
2260 23.0316122112 
2261 19.8583019273 
2262 22.8846334856 
2263 26.1129459894 
2264 24.4924994439 
2265 21.5995707698 
2266 20.0563943467 
2267 20.7143003603 
2268 27.4978342509 
2269 7.7415140375 
2270 29.5924697256 
2271 19.3698101626 
2272 31.2926283245 
2273 26.8301939277 
2274 22.1274115025 
2275 11.7838832836 
2276 12.6287518453 
2277 34.0364707604 
2278 18.441000114 
2279 29.5166805786 
2280 37.3760390174 
2281 28.6601749176 
2282 16.7733919578 
2283 25.2773655257 
2284 15.8929338883 
2285 20.5160004078 
2286 19.7052880775 
2287 15.0282546503 
2288 20.5793106458 
2289 19.8278000197 
2290 23.2934765737 
2291 24.8578926187 
2292 24.1949862088 
2293 27.521001899 
2294 20.6614003173 
2295 18.8184179385 
2296 25.7894200165 
2297 28.0340211554 
2298 20.922813886 
2299 21.768662253 
2300 24.7543992161 
2301 28.7005873846 
2302 20.3622966011 
2303 27.8901441366 
2304 14.6916356178 
2305 23.8473612017 
2306 26.0146834044 
2307 19.9273955761 
2308 40.8313288068 
2309 27.2202506768 
2310 23.9434123423 
2311 22.5570034783 
2312 22.6314056339 
2313 17.1214505142 
2314 26.9423770391 
2315 16.8627295348 
2316 20.6454476749 
2317 22.970631859 
2318 22.0795262803 
2319 30.0550346028 
2320 19.8563952416 
2321 19.2502675678 
2322 21.334657121 
2323 23.3855912865 
2324 22.2587865335 
2325 23.8247220225 
2326 25.6166332393 
2327 24.4097662419 
2328 17.3425657392 
2329 22.5117154263 
2330 25.0962749297 
2331 22.9215016864 
2332 20.5014681831 
2333 18.6386484444 
2334 23.2449525592 
2335 22.5716523107 
2336 28.958629518 
2337 29.9777653744 
2338 28.7004719629 
2339 2.11210405823 
2340 16.4349591411 
2341 21.6527006638 
2342 27.0079625315 
2343 22.793873168 
2344 32.7195491001 
2345 21.6440994991 
2346 21.5835377703 
2347 24.2771937563 
2348 19.8512197653 
2349 26.2433699932 
2350 19.5554464334 
2351 22.0748495382 
2352 15.0396839145 
2353 26.4524704075 
2354 20.5831460862 
2355 25.2448440978 
2356 19.7748226877 
2357 -0.905802477186 
2358 19.9560898069 
2359 17.2033567589 
2360 25.1932638718 
2361 26.8933607506 
2362 24.7667097263 
2363 28.4464338312 
2364 23.2446994523 
2365 31.1995504124 
2366 24.9689491237 
2367 25.5988347755 
2368 26.9953078706 
2369 22.8463392077 
2370 19.9757470676 
2371 18.6585282913 
2372 23.6879014779 
2373 27.455532092 
2374 23.7122842061 
2375 27.9917066702 
2376 21.6160042547 
2377 30.3480098481 
2378 19.63906573 
2379 20.9249671838 
2380 31.0139721967 
2381 21.1578739098 
2382 11.6260095752 
2383 31.9530938489 
2384 20.1555697382 
2385 28.7443604085 
2386 22.0321307129 
2387 21.0205332306 
2388 23.3191139219 
2389 18.6056294931 
2390 23.4268083296 
2391 26.4398247678 
2392 20.7485921936 
2393 23.0208324899 
2394 20.7583267889 
2395 17.3195744476 
2396 25.3271961081 
2397 21.0723201021 
2398 29.1650833277 
2399 22.797559691 
2400 22.725573877 
2401 23.4728440135 
2402 18.6930183517 
2403 24.021022412 
2404 25.1185954304 
2405 18.89215085 
2406 19.0627516676 
2407 19.7231554085 
2408 24.5310718178 
2409 19.6206663525 
2410 22.6308098542 
2411 19.8126487832 
2412 20.4351251076 
2413 40.3397032882 
2414 26.0791461902 
2415 24.1316427217 
2416 20.1065415776 
2417 18.4792285529 
2418 25.3842474608 
2419 18.2648055017 
2420 24.7757077316 
2421 22.5349641676 
2422 22.85334372 
2423 21.1711533955 
2424 21.7471238091 
2425 20.0929371289 
2426 20.0010208439 
2427 17.2359149013 
2428 18.1152355858 
2429 22.5055746508 
2430 23.846173027 
2431 22.4550266021 
2432 25.049629559 
2433 21.9849453159 
2434 13.5698522609 
2435 24.4674481843 
2436 19.7790881436 
2437 16.5109618197 
2438 23.8326407864 
2439 22.2620524688 
2440 25.596110183 
2441 23.4495447096 
2442 18.1148147467 
2443 17.4780804201 
2444 24.1835297901 
2445 20.0157754314 
2446 9.60373034813 
2447 26.7472366791 
2448 23.0128090545 
2449 24.937890181 
2450 19.8096703723 
2451 20.9627767042 
2452 23.9876430255 
2453 21.5036963044 
2454 18.5130213482 
2455 23.8618933716 
2456 21.6759179695 
2457 22.9038414896 
2458 20.4643765782 
2459 26.0337837985 
2460 21.0981520064 
2461 27.2059859221 
2462 24.1019217458 
2463 22.0777139325 
2464 15.6864377203 
2465 10.2366729721 
2466 26.3633438201 
2467 19.7361416942 
2468 20.5379566569 
2469 27.6391727773 
2470 23.8218702488 
2471 21.5877408904 
2472 20.9309537985 
2473 19.8213511227 
2474 23.6690016831 
2475 25.6274053267 
2476 27.0766287494 
2477 20.8137928612 
2478 27.8562261228 
2479 30.6120879064 
2480 24.4253736024 
2481 28.3227303077 
2482 29.8604053832 
2483 23.4835873056 
2484 27.5285697557 
2485 29.5484202562 
2486 21.7821010123 
2487 23.457426378 
2488 14.2437816809 
2489 30.7942164907 
2490 21.4733117437 
2491 25.3573017929 
2492 36.5225504904 
2493 25.3923004569 
2494 17.3888247424 
2495 27.5656869113 
2496 20.4957148371 
2497 14.2072137601 
2498 15.7636374043 
2499 28.1702918301 
2500 23.8665246968 
2501 23.278444971 
2502 21.1720351992 
2503 22.8806658186 
2504 20.1716074721 
2505 22.4301739247 
2506 24.6483618949 
2507 -0.0754162645801 
2508 20.8399441796 
2509 21.8265218312 
2510 22.0402170549 
2511 23.5770431674 
2512 28.0596862987 
2513 24.3625592302 
2514 24.8105522587 
2515 17.6554832909 
2516 22.7396404367 
2517 20.9626303247 
2518 20.2017038521 
2519 28.0630584272 
2520 26.3389499526 
2521 15.280210616 
2522 0.168908802073 
2523 21.5006833228 
2524 23.8988998283 
2525 32.3247613462 
2526 20.9473417543 
2527 14.9776568191 
2528 16.3618716909 
2529 26.2192314667 
2530 22.8687847437 
2531 14.4496823379 
2532 20.1798382586 
2533 18.0858945441 
2534 21.9668966136 
2535 25.2672508876 
2536 25.6799192694 
2537 21.808247962 
2538 24.0032432026 
2539 21.602158726 
2540 22.9570946739 
2541 26.387732669 
2542 21.4686128447 
2543 18.6783002908 
2544 28.9896371914 
2545 24.2874573281 
2546 23.1310857928 
2547 20.0282408193 
2548 16.3942005265 
2549 24.5272191804 
2550 27.5563110697 
2551 22.9834323072 
2552 18.3511006358 
2553 13.3803955174 
2554 23.2676950468 
2555 18.4770531129 
2556 21.3752294929 
2557 20.9908656291 
2558 22.9766575185 
2559 35.370686827 
2560 27.9912673311 
2561 17.3748423163 
2562 1.33854168666 
2563 18.7464936705 
2564 27.9027310006 
2565 20.5887959435 
2566 20.7674025354 
2567 21.6228457338 
2568 31.4942469881 
2569 19.3868443535 
2570 19.4487416229 
2571 26.8836188053 
2572 25.4945294108 
2573 18.517316158 
2574 29.4851615777 
2575 19.2301881563 
2576 23.0327839278 
2577 22.8464900533 
2578 22.9596596798 
2579 24.3210348768 
2580 19.2025983517 
2581 17.6882931528 
2582 26.103930265 
2583 20.4285104706 
2584 16.2941613497 
2585 17.0992843794 
2586 30.5047231983 
2587 22.4363099378 
2588 15.9744405596 
2589 23.6416040587 
2590 20.3692580185 
2591 30.6642701603 
2592 12.5891658962 
2593 21.6986350119 
2594 16.6422171232 
2595 23.0253483692 
2596 17.0147736739 
2597 24.0848584497 
2598 24.4820749338 
2599 27.0697792181 
2600 32.1275034068 
2601 21.6270695977 
2602 22.2521899987 
2603 19.4052218672 
2604 21.377574639 
2605 23.7175096245 
2606 22.2239726218 
2607 20.2846231491 
2608 16.7285085262 
2609 26.168104133 
2610 36.9301194485 
2611 16.0393206913 
2612 22.6370815061 
2613 20.6700495984 
2614 24.2737582691 
2615 25.2763365041 
2616 18.0359050902 
2617 19.5065179951 
2618 27.6831475232 
2619 22.0471460596 
2620 23.3355148363 
2621 21.3147543349 
2622 21.4017508546 
2623 26.4606380106 
2624 15.3292072233 
2625 23.3282140542 
2626 22.1625912011 
2627 20.5090371 
2628 17.552445261 
2629 16.0918014819 
2630 11.0756889526 
2631 33.8715612227 
2632 19.3981506195 
2633 29.0882903968 
2634 23.7338231703 
2635 21.3458691189 
2636 28.6312676194 
2637 15.5662287863 
2638 36.8683042474 
2639 16.7538470556 
2640 21.7509961156 
2641 19.7483803863 
2642 33.5266612057 
2643 23.2890565503 
2644 22.9112628268 
2645 21.3510920215 
2646 30.4852606047 
2647 32.1985844825 
2648 25.9848161781 
2649 20.3591913234 
2650 24.2034607038 
2651 24.304127228 
2652 18.2625039091 
2653 19.8496846944 
2654 20.4066187794 
2655 16.2350664396 
2656 17.7057086346 
2657 27.0390246284 
2658 22.2084721933 
2659 24.1838577385 
2660 23.3385006551 
2661 20.1041804243 
2662 21.3174816276 
2663 22.8511780593 
2664 23.6064387074 
2665 15.8503105074 
2666 23.5710004896 
2667 32.5618811557 
2668 22.550294949 
2669 11.1859610769 
2670 31.4908620922 
2671 26.0482515119 
2672 21.3705956998 
2673 21.8671205216 
2674 18.9975536443 
2675 19.9098301518 
2676 28.7091901782 
2677 27.5586209703 
2678 18.233297125 
2679 25.3411308798 
2680 21.4928124302 
2681 28.4891988175 
2682 27.2649798093 
2683 17.0976967966 
2684 14.7930317496 
2685 18.5449007212 
2686 21.0133313109 
2687 27.9337815793 
2688 22.0653894377 
2689 25.1600157108 
2690 23.825623878 
2691 26.3567081564 
2692 13.3549625309 
2693 25.1712395197 
2694 16.7780820426 
2695 29.0658970525 
2696 22.887045858 
2697 20.8277425767 
2698 24.4174578947 
2699 19.429160472 
2700 29.4321332786 
2701 25.8871249021 
2702 16.4684967042 
2703 22.5587603205 
2704 20.2160055791 
2705 31.7214801387 
2706 23.4933280579 
2707 17.7995751 
2708 24.7571918285 
2709 21.9181998739 
2710 26.833201251 
2711 23.8982892482 
2712 18.7250682347 
2713 18.0875052351 
2714 20.0120425161 
2715 23.7171940532 
2716 17.0207099533 
2717 29.3296372499 
2718 17.12493721 
2719 22.4955241537 
2720 20.7315234982 
2721 14.1209873269 
2722 20.238702456 
2723 15.9437130587 
2724 20.9777163919 
2725 22.4657737142 
2726 31.238580253 
2727 23.7381743272 
2728 29.5456532071 
2729 24.182487948 
2730 27.2866955449 
2731 21.5969433198 
2732 2.58872707988 
2733 36.1861239733 
2734 20.4927759732 
2735 25.377051223 
2736 24.0327905087 
2737 15.0879728908 
2738 18.2704872651 
2739 29.1064766586 
2740 17.8714743833 
2741 25.8228850626 
2742 26.0355336252 
2743 22.7810714638 
2744 12.6287968063 
2745 25.3092026476 
2746 28.1879011463 
2747 30.2320953421 
2748 18.5419983663 
2749 19.5392042777 
2750 21.4541110506 
2751 24.0387367482 
2752 18.3407958333 
2753 21.7249870448 
2754 24.1190771151 
2755 -1.0884018718 
2756 27.4450845892 
2757 22.2104659793 
2758 19.3024684761 
2759 19.4897396305 
2760 12.8763596204 
2761 27.4969090783 
2762 20.170246098 
2763 23.1493864848 
2764 21.4115106183 
2765 28.2711529533 
2766 23.9966543587 
2767 21.7683231946 
2768 23.6976082654 
2769 24.4541601924 
2770 23.999882659 
2771 13.4566984284 
2772 24.4267856343 
2773 32.3563317681 
2774 27.8284703931 
2775 24.4674542957 
2776 23.4508415513 
2777 25.2250331616 
2778 22.336698984 
2779 26.6912017912 
2780 21.2654167082 
2781 22.0790108895 
2782 20.2240561508 
2783 25.4302621608 
2784 23.9830268022 
2785 23.7762752576 
2786 20.818847313 
2787 16.2637655323 
2788 19.6006827045 
2789 28.3086594293 
2790 20.203289863 
2791 20.5818179368 
2792 26.8088306729 
2793 23.7582401496 
2794 19.8432370762 
2795 23.2837135503 
2796 22.6675995029 
2797 0.722032332121 
2798 29.5602205195 
2799 28.6488412775 
2800 22.5495525373 
2801 15.2618446228 
2802 16.7519136627 
2803 12.0899921128 
2804 19.7768321171 
2805 30.961816665 
2806 22.3564687936 
2807 15.8184119258 
2808 15.4892482018 
2809 17.4607782796 
2810 18.9904514557 
2811 18.1525036118 
2812 27.9498356413 
2813 18.7930784961 
2814 35.8086632772 
2815 22.6782452683 
2816 30.5093101688 
2817 19.9568142291 
2818 21.7689548179 
2819 26.5899552564 
2820 23.6487553983 
2821 25.1565032427 
2822 35.4422300857 
2823 22.3074032553 
2824 21.6374785294 
2825 32.0980871068 
2826 22.8596475582 
2827 22.623268055 
2828 23.8658699761 
2829 20.9210757346 
2830 28.0773910686 
2831 23.930991419 
2832 19.6676971784 
2833 25.5069355169 
2834 24.8748669288 
2835 20.2313704164 
2836 26.3144356462 
2837 28.4833994985 
2838 25.9630342405 
2839 16.2241752617 
2840 25.6406520276 
2841 23.4218908065 
2842 19.672563174 
2843 19.1537888032 
2844 20.6165806461 
2845 21.31474712 
2846 20.223563919 
2847 18.1894397662 
2848 22.4827622396 
2849 19.4247671496 
2850 24.1742262416 
2851 20.2169985611 
2852 21.7352250524 
2853 20.6886068032 
2854 27.7267315029 
2855 22.2823509696 
2856 23.3307055061 
2857 19.4416380905 
2858 20.8482682409 
2859 15.4680646274 
2860 23.7450995101 
2861 21.6252898245 
2862 26.0291327644 
2863 24.2202742868 
2864 20.4677471239 
2865 -0.653732545154 
2866 33.5011001729 
2867 27.0612758563 
2868 23.5343846731 
2869 22.4671772176 
2870 22.0274329678 
2871 15.3551012379 
2872 20.5902062811 
2873 18.3393729662 
2874 26.7367126658 
2875 20.7741694901 
2876 25.2373728462 
2877 27.0273071521 
2878 21.5907766102 
2879 22.9345338736 
2880 21.4544067721 
2881 19.3631622227 
2882 25.9942227648 
2883 25.5399300147 
2884 15.3085495717 
2885 20.2441175209 
2886 24.2759402787 
2887 17.0940951113 
2888 1.23144707725 
2889 27.7795193393 
2890 23.7016519475 
2891 20.6347619426 
2892 25.797874759 
2893 26.2333983334 
2894 25.9530954416 
2895 25.0710551297 
2896 21.125605004 
2897 27.0098271661 
2898 22.7669822108 
2899 23.5575005384 
2900 9.97691072756 
2901 18.8765552199 
2902 32.0246618529 
2903 23.3352838136 
2904 16.68594175 
2905 20.7717889105 
2906 17.2288592543 
2907 17.4441984474 
2908 19.3179399272 
2909 19.2763557584 
2910 19.8599503104 
2911 25.3271918336 
2912 13.8370299499 
2913 20.5885609332 
2914 21.4039274175 
2915 21.8918937643 
2916 22.8264346883 
2917 21.3386560441 
2918 25.67506268 
2919 17.3563656936 
2920 14.3893732708 
2921 20.1193903993 
2922 23.8517567482 
2923 18.0574167143 
2924 23.3610544664 
2925 18.9669844676 
2926 26.2592455391 
2927 28.5520827827 
2928 21.7622520601 
2929 19.2096616954 
2930 25.5424598734 
2931 -0.0593483174462 
2932 23.8594146665 
2933 13.6774081779 
2934 26.583533595 
2935 22.2440706033 
2936 29.8578540043 
2937 19.1476793052 
2938 22.4347101996 
2939 21.4527955075 
2940 18.0801811263 
2941 17.6448886394 
2942 21.9945629345 
2943 29.894093704 
2944 16.3001956122 
2945 33.1284016405 
2946 20.4897395028 
2947 21.7252264187 
2948 26.3566051161 
2949 23.2152713465 
2950 23.0589289929 
2951 26.8408253349 
2952 11.7530852198 
2953 29.9896700764 
2954 33.1916965253 
2955 25.7248921682 
2956 19.2570164351 
2957 26.4834182636 
2958 18.9173608508 
2959 0.0322125580319 
2960 9.2678957564 
2961 19.1953817155 
2962 16.142159914 
2963 19.4189040514 
2964 20.1077583067 
2965 26.2636745248 
2966 15.90813998 
2967 11.1351433619 
2968 20.6835803529 
2969 25.9168418828 
2970 19.8164238911 
2971 26.7264967203 
2972 25.8907566239 
2973 29.7538464281 
2974 17.5754008204 
2975 25.8479213932 
2976 22.7126430671 
2977 21.2245655146 
2978 22.6217906401 
2979 15.1971591254 
2980 28.5088056867 
2981 18.0470098669 
2982 20.9380747249 
2983 29.6451036942 
2984 26.7364391254 
2985 26.079251245 
2986 27.4418345681 
2987 19.8959812934 
2988 28.7365581352 
2989 14.1189011763 
2990 14.6000047239 
2991 18.8398919539 
2992 35.5594148877 
2993 24.6886112758 
2994 21.3979107483 
2995 17.9768993772 
2996 24.1357618489 
2997 29.8151770579 
2998 24.8795504776 
2999 18.9371479719 
3000 26.0629687796 
3001 19.874595011 
3002 22.5541425278 
3003 22.2047710561 
3004 20.9088904723 
3005 21.9641218694 
3006 20.5893920903 
3007 24.5615483894 
3008 15.0986538316 
3009 17.2377740197 
3010 17.7583277248 
3011 18.1036731188 
3012 21.1769708686 
3013 22.6304068205 
3014 20.1626625716 
3015 26.1467701644 
3016 22.8148713107 
3017 16.6995309217 
3018 22.3360170037 
3019 19.2692521638 
3020 25.9333600658 
3021 25.2363031297 
3022 25.3623554561 
3023 17.2615064717 
3024 30.432031426 
3025 35.4856727477 
3026 24.3219148157 
3027 25.7860980967 
3028 30.468187918 
3029 14.6296016889 
3030 29.4283358249 
3031 24.6789070027 
3032 24.5269629754 
3033 20.835552454 
3034 19.3276567839 
3035 26.4136236629 
3036 25.1095264096 
3037 23.0175779093 
3038 37.2548928314 
3039 18.4080934503 
3040 23.740439939 
3041 16.3034194838 
3042 27.3499515162 
3043 20.6914280635 
3044 18.7696802939 
3045 20.8803720852 
3046 24.3098587669 
3047 26.4312186781 
3048 25.516842053 
3049 23.4159142891 
3050 25.9865082658 
3051 18.3221344263 
3052 26.7848488816 
3053 24.0318102693 
3054 22.7534765506 
3055 30.964012354 
3056 21.9065306724 
3057 27.8762628891 
3058 27.7764056489 
3059 12.6841745742 
3060 23.0872449434 
3061 26.3483284069 
3062 27.0587149849 
3063 16.9444187649 
3064 25.6336585913 
3065 14.4637354993 
3066 23.5048533775 
3067 22.2977889405 
3068 24.2465097699 
3069 24.7603130955 
3070 20.8471763216 
3071 20.1489724141 
3072 21.5249683945 
3073 27.6146107192 
3074 18.8046712719 
3075 40.2576958417 
3076 25.9732655248 
3077 22.3348407075 
3078 -0.0278175717286 
3079 20.44276996 
3080 20.5746266966 
3081 17.03340373 
3082 24.1262094507 
3083 31.5462625953 
3084 19.4671991512 
3085 24.5545303565 
3086 21.1769127848 
3087 25.7287137423 
3088 27.0432200518 
3089 12.1968671151 
3090 17.3827955919 
3091 21.636803397 
3092 24.5236155782 
3093 13.0907066688 
3094 17.2652375686 
3095 19.0020029921 
3096 23.7515446806 
3097 23.0177584571 
3098 16.3225271208 
3099 22.7774806039 
3100 16.5424605725 
3101 21.4350937268 
3102 20.9237767632 
3103 18.2209386203 
3104 23.5340812694 
3105 16.3630161584 
3106 27.9733087412 
3107 17.9452694685 
3108 30.0639068034 
3109 27.5724918701 
3110 27.2350195574 
3111 28.7372938019 
3112 23.3642121523 
3113 23.7284715754 
3114 22.5147224967 
3115 21.5843855515 
3116 17.6675760816 
3117 1.18111087118 
3118 21.4229004222 
3119 26.904156267 
3120 31.6255686916 
3121 23.704381159 
3122 20.9665768281 
3123 21.862134074 
3124 22.0055853464 
3125 23.4643540926 
3126 17.4365192718 
3127 19.4131498056 
3128 34.2707665521 
3129 32.8335235911 
3130 22.1387140931 
3131 21.9524268276 
3132 31.7205084574 
3133 22.8276126445 
3134 14.1628276007 
3135 27.4641046567 
3136 25.3623963926 
3137 21.1981139382 
3138 19.7013287664 
3139 25.5984942952 
3140 26.7602604011 
3141 31.1389083851 
3142 21.5643273779 
3143 26.7756584263 
3144 15.754367371 
3145 23.3816181799 
3146 22.8515230923 
3147 21.5878251649 
3148 20.761708524 
3149 21.2848545341 
3150 24.656377531 
3151 30.2698588373 
3152 29.9072337479 
3153 23.0664066959 
3154 19.1700192891 
3155 20.6329670224 
3156 22.4178939784 
3157 24.1316119623 
3158 27.3967852709 
3159 19.1663849575 
3160 19.2540608517 
3161 24.3947390264 
3162 11.7620378498 
3163 22.2282253143 
3164 18.5051194655 
3165 22.1325585757 
3166 13.3584289721 
3167 31.8958856602 
3168 15.2935580561 
3169 19.6439643331 
3170 22.1501419118 
3171 18.5312457824 
3172 20.7199107801 
3173 27.1157215784 
3174 14.5074439328 
3175 11.499433545 
3176 19.5269670949 
3177 27.2933915708 
3178 21.4083905293 
3179 20.5429992799 
3180 22.5928080592 
3181 21.6630583945 
3182 28.347669655 
3183 27.2927485863 
3184 25.4606506263 
3185 19.5797844246 
3186 23.7779651642 
3187 14.3646511041 
3188 18.8139262779 
3189 23.5162147444 
3190 17.890608578 
3191 15.308220873 
3192 -0.303751715612 
3193 22.984514241 
3194 21.8991336254 
3195 17.9932686941 
3196 17.26763798 
3197 17.5967314584 
3198 17.5343859043 
3199 27.8683976873 
3200 26.9998367527 
3201 25.6833468907 
3202 20.2763448338 
3203 25.6756334883 
3204 19.1673469301 
3205 24.5555047142 
3206 21.7834840969 
3207 16.1442117077 
3208 26.840765318 
3209 11.2317540171 
3210 24.181171465 
3211 17.2680646116 
3212 15.9731605888 
3213 30.1424593664 
3214 28.2954078925 
3215 19.2623659171 
3216 20.9755114284 
3217 17.8974114722 
3218 29.004585517 
3219 18.3982871745 
3220 24.6717532591 
3221 28.6720361289 
3222 32.0995914813 
3223 21.9685125031 
3224 27.7604306507 
3225 20.1191021435 
3226 20.9794514109 
3227 21.9937020537 
3228 21.3912867371 
3229 24.2298623921 
3230 24.3238997912 
3231 19.963291183 
3232 15.7368785995 
3233 19.2295187205 
3234 19.3842699939 
3235 22.5762809004 
3236 26.5924983844 
3237 14.7758639171 
3238 21.2927442416 
3239 19.0789361273 
3240 27.6164678416 
3241 20.2930858703 
3242 18.77531233 
3243 21.391125179 
3244 24.999723591 
3245 22.4670450237 
3246 10.2051587122 
3247 19.2370918866 
3248 19.0322304408 
3249 18.7289837989 
3250 18.436922221 
3251 25.4590072435 
3252 20.4973191116 
3253 23.035654779 
3254 19.8091355481 
3255 24.5194700481 
3256 25.0966401398 
3257 16.2623343615 
3258 19.5797537708 
3259 25.9127624671 
3260 23.0233901089 
3261 24.9982655546 
3262 22.7911794136 
3263 23.608289345 
3264 20.8165240065 
3265 21.4615570098 
3266 15.857967411 
3267 17.1723847802 
3268 22.6217964138 
3269 21.0015914605 
3270 23.0483117416 
3271 16.7043459844 
3272 11.5385216376 
3273 13.5791402721 
3274 22.1712733402 
3275 19.0170839611 
3276 25.0247922735 
3277 30.5358574832 
3278 20.2374305923 
3279 19.4316104585 
3280 28.2670894109 
3281 37.7251418636 
3282 18.951346904 
3283 34.807036283 
3284 22.1937833674 
3285 21.8343947534 
3286 17.8898834534 
3287 23.759927779 
3288 11.8283280216 
3289 19.0672241482 
3290 23.3414833991 
3291 21.5822544245 
3292 25.6836332461 
3293 26.2539185478 
3294 18.7569949285 
3295 5.33967383485 
3296 27.1461753753 
3297 30.5091056152 
3298 27.3698894045 
3299 18.610141122 
3300 20.4686990707 
3301 16.0202575354 
3302 15.426160351 
3303 25.9469972121 
3304 28.179931145 
3305 22.614215006 
3306 23.6896945626 
3307 14.1024634281 
3308 20.8436330456 
3309 28.7264163873 
3310 14.8159846887 
3311 30.7386181445 
3312 23.1086446758 
3313 13.5966728147 
3314 27.1411701022 
3315 19.7994309431 
3316 17.5475414132 
3317 16.4182298281 
3318 4.85274891476 
3319 23.0870361482 
3320 17.5464095419 
3321 26.1529470268 
3322 27.1253141398 
3323 28.7050340953 
3324 24.4593434064 
3325 13.7722151512 
3326 18.967522507 
3327 18.2881977214 
3328 17.5012128105 
3329 22.1681939683 
3330 28.0365631817 
3331 22.6410516721 
3332 17.7033457819 
3333 37.404403158 
3334 14.2100625919 
3335 28.3965210888 
3336 21.1709837595 
3337 23.323142703 
3338 17.9250912193 
3339 17.3976257934 
3340 19.3796246679 
3341 27.0735030936 
3342 12.6608952818 
3343 18.5160921252 
3344 28.4388374778 
3345 25.6982647701 
3346 19.8310538662 
3347 20.446161095 
3348 18.9829147152 
3349 21.6405074477 
3350 1.48175941389 
3351 23.3404498924 
3352 24.716655111 
3353 24.3432514801 
3354 26.8478586732 
3355 33.1485793183 
3356 24.4439034805 
3357 24.4991999977 
3358 22.4863773782 
3359 25.5537812289 
3360 29.8814467956 
3361 30.1709142477 
3362 26.2781301286 
3363 25.4296078271 
3364 17.4215213699 
3365 17.8512055271 
3366 20.8507445365 
3367 17.7259316352 
3368 19.3289025105 
3369 34.1756643574 
3370 21.7690707492 
3371 15.5072639425 
3372 16.8523754813 
3373 23.3536991412 
3374 19.553566226 
3375 10.2467229548 
3376 24.6998861189 
3377 19.9421573281 
3378 15.2712190407 
3379 30.4744659836 
3380 15.0589111071 
3381 16.1541040409 
3382 15.3867977618 
3383 19.4361497865 
3384 21.0156383118 
3385 24.0479714749 
3386 11.8793679364 
3387 27.6654682137 
3388 23.656874035 
3389 19.299646703 
3390 17.2532500877 
3391 25.6563557201 
3392 25.3889216195 
3393 1.72271489135 
3394 25.4536420171 
3395 25.825256876 
3396 24.3070158789 
3397 20.6407296477 
3398 22.4087299679 
3399 28.4864010925 
3400 23.6012552698 
3401 20.314657566 
3402 15.5481602607 
3403 25.5041222526 
3404 28.009009857 
3405 25.2014134799 
3406 19.1730886087 
3407 22.7997031245 
3408 25.8691949713 
3409 24.977003468 
3410 16.2101694448 
3411 23.705079948 
3412 22.46792129 
3413 30.7627029158 
3414 24.2145121575 
3415 17.6293748515 
3416 19.4389719055 
3417 24.1020997416 
3418 18.0892212082 
3419 31.0309649055 
3420 27.7010909511 
3421 17.4262701813 
3422 24.0355047348 
3423 25.5363984532 
3424 20.5889150257 
3425 22.4716379243 
3426 23.859846087 
3427 20.765360302 
3428 22.3699285362 
3429 23.6117494337 
3430 21.0901547396 
3431 11.4607046053 
3432 17.6057613869 
3433 22.4819528368 
3434 24.0871360529 
3435 21.062728704 
3436 18.9683577936 
3437 24.2708407684 
3438 25.7487390866 
3439 17.2308349395 
3440 16.4317613405 
3441 17.2781438706 
3442 18.674672374 
3443 21.3774300609 
3444 20.7953051719 
3445 21.8774630845 
3446 27.1959859073 
3447 27.0238308598 
3448 20.3799476721 
3449 27.0575782622 
3450 24.0858720967 
3451 23.0999949931 
3452 22.5450339852 
3453 0.796407772745 
3454 18.4421112578 
3455 26.7112285476 
3456 1.35512219139 
3457 26.1257515177 
3458 20.0777933387 
3459 21.6667320061 
3460 31.0084430473 
3461 19.163308654 
3462 25.1063035557 
3463 27.0901049421 
3464 24.5203208565 
3465 10.4184430451 
3466 20.4271671879 
3467 9.47660562514 
3468 20.0727460966 
3469 23.5078722795 
3470 19.7888588793 
3471 26.1084643995 
3472 28.231420541 
3473 24.7550324887 
3474 25.3920517762 
3475 21.4684448576 
3476 17.2392146672 
3477 23.4226766569 
3478 25.0140826549 
3479 26.4951327829 
3480 24.8610934627 
3481 22.0481926422 
3482 19.1474500312 
3483 14.581547208 
3484 27.1464463502 
3485 20.6602581678 
3486 20.6680742687 
3487 22.7878375528 
3488 24.8850929287 
3489 16.4660956612 
3490 27.2130388702 
3491 28.2447899872 
3492 18.8717245681 
3493 22.1074674246 
3494 19.7265818473 
3495 14.7030131625 
3496 19.6826765545 
3497 36.598913805 
3498 14.6297564357 
3499 30.1363174374 
3500 27.5440437014 
3501 31.1595039361 
3502 18.5847217206 
3503 26.2065763732 
3504 18.9930681985 
3505 25.9705899197 
3506 24.7241683821 
3507 17.1352836248 
3508 17.35755453 
3509 24.4780648368 
3510 24.8464689128 
3511 21.9839981301 
3512 23.6507710045 
3513 28.5429283112 
3514 27.5531480628 
3515 22.182591171 
3516 21.734844262 
3517 27.7069640158 
3518 28.0323211227 
3519 27.9766468721 
3520 26.4925513084 
3521 15.0914571561 
3522 24.861205306 
3523 11.9186451239 
3524 16.2715365491 
3525 25.3293627116 
3526 24.2953822907 
3527 24.4715113048 
3528 22.1254465631 
3529 18.6264410307 
3530 30.7225260202 
3531 25.2198667232 
3532 31.3387039661 
3533 14.159572292 
3534 22.8379546894 
3535 16.5496870098 
3536 27.2721426348 
3537 18.9510237045 
3538 26.1266616222 
3539 29.9254152015 
3540 21.1684276016 
3541 17.5056643309 
3542 25.1465976451 
3543 15.1391042896 
3544 25.679589918 
3545 18.5479886204 
3546 17.0174507977 
3547 19.2240366344 
3548 24.0574646384 
3549 20.9739363919 
3550 22.0222900344 
3551 17.3826350221 
3552 23.8024769589 
3553 24.1621313749 
3554 24.5216278174 
3555 21.9408926653 
3556 31.5305984232 
3557 14.2087480842 
3558 24.1643440782 
3559 19.5560175668 
3560 21.3411802932 
3561 19.315682988 
3562 21.3511816619 
3563 19.8105370231 
3564 18.1044469388 
3565 19.6924277463 
3566 23.4675195997 
3567 28.9135275303 
3568 17.4241475352 
3569 22.9883246264 
3570 21.3650611797 
3571 14.7574515028 
3572 23.4828325184 
3573 41.6388777636 
3574 23.8454310206 
3575 22.2018481837 
3576 17.8948845717 
3577 22.2074804015 
3578 41.6832753149 
3579 24.0390760736 
3580 19.8169381185 
3581 21.7686736141 
3582 22.9970474385 
3583 19.5890887302 
3584 15.822110804 
3585 21.0136486986 
3586 20.9320669083 
3587 23.8628184255 
3588 20.3129031963 
3589 15.7548646626 
3590 19.2693041979 
3591 19.0595241705 
3592 15.2573787725 
3593 15.3233728563 
3594 25.2820583608 
3595 16.7386824575 
3596 26.406154028 
3597 28.2340285388 
3598 23.9743875284 
3599 18.8321254906 
3600 26.6770086218 
3601 22.6558558582 
3602 22.4969884678 
3603 26.8464764841 
3604 26.6044389993 
3605 22.9773390266 
3606 21.6641732504 
3607 19.8839614759 
3608 17.6916821778 
3609 21.5642261098 
3610 25.5581732821 
3611 25.5349868078 
3612 19.9851677104 
3613 22.5525230433 
3614 11.5381892563 
3615 19.4812366368 
3616 20.395987906 
3617 21.7808449154 
3618 23.7337841555 
3619 19.3872632108 
3620 28.4527657046 
3621 19.3732740301 
3622 16.8750808236 
3623 15.5821282956 
3624 22.9837748746 
3625 18.3726422886 
3626 20.2713746596 
3627 24.4379243717 
3628 26.4500566586 
3629 24.464944345 
3630 24.3586125572 
3631 21.8161285365 
3632 21.8166454475 
3633 18.4806790396 
3634 22.1180644414 
3635 16.1453095575 
3636 19.695570311 
3637 14.7266545979 
3638 18.3866062566 
3639 19.83682146 
3640 22.2214041814 
3641 27.091548531 
3642 17.1132528193 
3643 31.8050792828 
3644 30.5280772141 
3645 29.9980232057 
3646 14.3270590568 
3647 17.9399199057 
3648 18.454707822 
3649 24.1029021686 
3650 29.303884229 
3651 21.8134743357 
3652 20.5548007661 
3653 28.9188417815 
3654 21.7140655187 
3655 2.36624525361 
3656 28.5579688815 
3657 16.6619553012 
3658 28.9206797428 
3659 13.1230080782 
3660 16.691226399 
3661 10.5608763573 
3662 26.4109096454 
3663 22.6701441481 
3664 18.05580172 
3665 20.4317771924 
3666 17.5860772075 
3667 19.7526318051 
3668 23.2514938492 
3669 31.0826591445 
3670 24.6404248193 
3671 29.2556860593 
3672 23.1469141664 
3673 19.9598496315 
3674 23.6224794881 
3675 27.9009183491 
3676 28.8420233621 
3677 18.9220727886 
3678 26.3805838549 
3679 19.1762293251 
3680 26.7513397253 
3681 27.0396946637 
3682 25.4450941655 
3683 24.4030930876 
3684 26.6352724708 
3685 26.0308490533 
3686 28.5330961342 
3687 17.4399893778 
3688 34.2334375009 
3689 36.4807248803 
3690 21.8737674234 
3691 18.0821413853 
3692 24.8687712342 
3693 23.9872282256 
3694 24.4143248308 
3695 20.6472483968 
3696 29.3464948729 
3697 24.9253702682 
3698 19.3335374399 
3699 17.793251701 
3700 24.5044707144 
3701 24.1639375659 
3702 17.2976998404 
3703 21.1724140424 
3704 26.4163690164 
3705 18.0293526858 
3706 21.9960818792 
3707 19.5403965779 
3708 21.3348271765 
3709 22.0166736792 
3710 20.1627220406 
3711 26.7487407414 
3712 24.2144806349 
3713 19.7472105573 
3714 17.2709629936 
3715 19.7130206512 
3716 2.15314194543 
3717 21.5151694336 
3718 19.8229497539 
3719 18.2534210191 
3720 23.1597137266 
3721 13.7461137522 
3722 29.146245604 
3723 23.6423914348 
3724 28.3010622711 
3725 24.5731910451 
3726 20.2582601581 
3727 27.0185164961 
3728 21.3556798686 
3729 -0.453644200451 
3730 24.5405923757 
3731 19.2074669345 
3732 21.0592714405 
3733 19.7803228561 
3734 19.3421655746 
3735 13.5763901691 
3736 24.9855468601 
3737 24.1941881369 
3738 27.7864483661 
3739 24.3663823705 
3740 18.9839314891 
3741 12.9224685611 
3742 24.9356226948 
3743 25.6300537883 
3744 23.0247430406 
3745 23.1482330868 
3746 23.2500268731 
3747 28.4055160555 
3748 27.4767684686 
3749 25.0867015991 
3750 31.170336323 
3751 20.2696078459 
3752 22.3613565748 
3753 24.7407380874 
3754 17.453124442 
3755 17.1273773254 
3756 18.8578631194 
3757 19.1286114679 
3758 23.6215440201 
3759 24.4318447863 
3760 19.4745944811 
3761 23.4671826552 
3762 16.5680856903 
3763 27.617947157 
3764 27.3685085965 
3765 17.2308082641 
3766 20.344980532 
3767 16.0241789944 
3768 27.1944320215 
3769 27.4132007464 
3770 26.4065921272 
3771 18.8848794865 
3772 22.19327087 
3773 23.3887834082 
3774 17.4206441574 
3775 31.766667713 
3776 26.8074177856 
3777 29.1414532579 
3778 34.5836992782 
3779 24.8998029501 
3780 25.4433631098 
3781 31.2374282283 
3782 15.4204938157 
3783 14.87736469 
3784 21.4667012268 
3785 28.139735227 
3786 20.0222383829 
3787 27.2684563042 
3788 14.890200758 
3789 30.4818710235 
3790 26.1643834728 
3791 22.5618273233 
3792 25.8356190498 
3793 15.1031507377 
3794 26.7116730167 
3795 16.4879051321 
3796 13.3907143874 
3797 17.7355280415 
3798 29.0529142779 
3799 20.2456227169 
3800 25.4587128703 
3801 26.0348039631 
3802 20.2069183807 
3803 25.260847089 
3804 18.3921797931 
3805 19.6247826883 
3806 20.0660797105 
3807 19.7400663225 
3808 15.5370526261 
3809 27.3770713751 
3810 27.6521167987 
3811 27.0768316989 
3812 34.7965683438 
3813 23.5812425259 
3814 24.8933892393 
3815 21.6730578531 
3816 22.4950395026 
3817 26.4652695848 
3818 20.9011560062 
3819 24.6301556012 
3820 24.8985067774 
3821 20.429540026 
3822 15.9845036182 
3823 24.3877277377 
3824 24.080567631 
3825 27.2117474956 
3826 21.610958772 
3827 26.0517070148 
3828 28.0639684533 
3829 23.9916914026 
3830 22.2382624514 
3831 22.3563749195 
3832 24.786696862 
3833 19.2439525994 
3834 10.9466051233 
3835 21.9409411014 
3836 23.6511442691 
3837 28.4207801721 
3838 16.792816971 
3839 25.8391418446 
3840 26.615942163 
3841 26.0963967199 
3842 23.9601593271 
3843 28.1115897406 
3844 0.836434768116 
3845 24.0500629857 
3846 24.2276170008 
3847 23.9851348996 
3848 28.117407067 
3849 25.7633207143 
3850 26.3994049499 
3851 27.5180482346 
3852 24.4709696363 
3853 2.24165996325 
3854 19.3342646764 
3855 22.1339569795 
3856 26.5012062059 
3857 23.4554421656 
3858 26.3060042689 
3859 18.602261062 
3860 24.3091214359 
3861 23.2567026764 
3862 28.4768889095 
3863 1.73322941405 
3864 20.0241992698 
3865 24.9953843356 
3866 28.1481012953 
3867 16.0458786511 
3868 20.6173569849 
3869 27.4367827815 
3870 22.0678329512 
3871 12.3551874723 
3872 21.0080258423 
3873 18.5907702771 
3874 18.5763119559 
3875 18.80385578 
3876 24.4297455826 
3877 18.2079263217 
3878 22.5424602711 
3879 20.8911939078 
3880 27.2690174432 
3881 29.1216700653 
3882 24.9516279178 
3883 27.426631597 
3884 30.7093801544 
3885 16.2768622275 
3886 22.9885144729 
3887 19.8255091427 
3888 18.1780696367 
3889 25.7832685251 
3890 25.2410965808 
3891 38.6511110419 
3892 39.6856266948 
3893 16.4243947034 
3894 18.3126211844 
3895 15.9181892235 
3896 22.7423223662 
3897 25.0698110762 
3898 23.8209052648 
3899 18.0217748407 
3900 19.2649636112 
3901 20.4004227162 
3902 18.519616503 
3903 25.389870063 
3904 12.0133441276 
3905 22.2620225091 
3906 26.4165196884 
3907 19.4116646886 
3908 16.7764891972 
3909 24.837890358 
3910 25.4908586507 
3911 27.6345719706 
3912 18.6049218402 
3913 17.4242733169 
3914 20.4017946829 
3915 22.1393014092 
3916 19.5680012737 
3917 28.3332293324 
3918 20.5481947049 
3919 25.6198080284 
3920 29.5326922148 
3921 18.2138077331 
3922 0.314115806066 
3923 13.9524280652 
3924 17.6297775486 
3925 25.5542062397 
3926 21.0674409828 
3927 35.5112712172 
3928 20.7587763463 
3929 24.6443159501 
3930 13.2715284854 
3931 34.9405050425 
3932 20.423552646 
3933 21.1094096914 
3934 9.47913487693 
3935 25.1114982883 
3936 31.8308226489 
3937 17.9014834544 
3938 30.5865879451 
3939 15.4329133714 
3940 10.0631313672 
3941 25.8231081864 
3942 17.2687926309 
3943 18.2402305986 
3944 28.2264437607 
3945 26.3603323429 
3946 16.8107646438 
3947 2.12090465648 
3948 19.8451775053 
3949 11.5198094426 
3950 22.9062864443 
3951 23.3057677013 
3952 21.8625655313 
3953 20.7344448483 
3954 23.4772688356 
3955 26.1589535333 
3956 21.1528006277 
3957 22.6151536674 
3958 13.4272238072 
3959 15.9444529456 
3960 18.8108682867 
3961 20.0156088835 
3962 14.5278437087 
3963 20.9723349369 
3964 15.9073631386 
3965 21.944362575 
3966 24.603732773 
3967 24.5875201565 
3968 17.0993086932 
3969 19.0337298787 
3970 20.9305999437 
3971 21.2792197132 
3972 20.7847201221 
3973 36.4556059705 
3974 28.5245092426 
3975 23.8606188954 
3976 18.7219325004 
3977 21.8155536794 
3978 25.2213604788 
3979 22.0468807701 
3980 23.1378171455 
3981 25.903148135 
3982 28.172144267 
3983 0.915151291619 
3984 21.1417058922 
3985 28.5216425748 
3986 30.0866487162 
3987 21.0835308053 
3988 19.921457277 
3989 25.9313584261 
3990 26.3045737388 
3991 25.6339330271 
3992 28.1600042176 
3993 25.2883084776 
3994 -0.183674537972 
3995 14.7481926007 
3996 23.3074676058 
3997 17.1866404972 
3998 23.2563676181 
3999 21.6176079499 
4000 27.4655032512 
4001 25.6972613009 
4002 31.5691227073 
4003 18.5920792589 
4004 14.9523169133 
4005 16.6795336625 
4006 17.666806209 
4007 20.5240548799 
4008 25.4038370463 
4009 11.5386536107 
4010 25.875883898 
4011 20.9470367877 
4012 22.2194696691 
4013 22.5467063318 
4014 26.8135766686 
4015 20.852268506 
4016 28.7575536767 
4017 23.265526051 
4018 23.9856587493 
4019 23.5763905208 
4020 14.6976454389 
4021 21.8271164718 
4022 16.1276489198 
4023 20.2994852717 
4024 24.7042655349 
4025 19.7856123585 
4026 23.3625777513 
4027 19.9072858387 
4028 23.442541475 
4029 14.8205665521 
4030 39.7135799717 
4031 20.9641120707 
4032 28.3709724219 
4033 16.3616928764 
4034 17.0800260083 
4035 25.9563323191 
4036 18.9752963403 
4037 27.9357149084 
4038 25.5695808683 
4039 22.4546667724 
4040 23.377787916 
4041 22.8003964077 
4042 23.6411926408 
4043 23.2539870566 
4044 23.1214335258 
4045 22.0027727943 
4046 14.5918736795 
4047 24.5093815599 
4048 25.1830582237 
4049 15.3949298739 
4050 25.348702332 
4051 26.9437562625 
4052 20.146543197 
4053 20.6249417638 
4054 22.52111732 
4055 25.3661290748 
4056 24.1258821725 
4057 15.4972825197 
4058 18.2777169718 
4059 26.5741569945 
4060 22.1888293295 
4061 24.1986539039 
4062 18.491108831 
4063 24.3331723544 
4064 23.1304549843 
4065 23.5602760357 
4066 32.6305199925 
4067 26.7383929125 
4068 19.8919954739 
4069 23.2784268055 
4070 22.4091840771 
4071 19.3375682427 
4072 22.8753283357 
4073 19.9721164876 
4074 18.5040163637 
4075 17.4030838011 
4076 25.3112118486 
4077 20.7419718607 
4078 24.4787539131 
4079 18.8875263167 
4080 24.8629024491 
4081 18.2843396246 
4082 22.223593868 
4083 1.46980658732 
4084 29.2566020234 
4085 28.3660807576 
4086 24.0727749797 
4087 15.178108166 
4088 22.1959692263 
4089 18.9168384855 
4090 15.3132651612 
4091 21.3557938655 
4092 24.9456324177 
4093 19.2278562582 
4094 15.2405541507 
4095 18.9390971063 
4096 25.4886735116 
4097 16.0443494165 
4098 18.0973276937 
4099 17.0258635037 
4100 22.1377618887 
4101 26.3653631941 
4102 25.6381904926 
4103 14.6882908299 
4104 12.0665092521 
4105 23.9094857562 
4106 23.9894393277 
4107 -0.838438883869 
4108 25.3880703909 
4109 21.1948698551 
4110 25.3895754719 
4111 23.703503744 
4112 16.9737787762 
4113 23.9972123147 
4114 21.9516462013 
4115 23.6331898466 
4116 20.6010067345 
4117 18.8069311207 
4118 16.2315102729 
4119 17.2378909246 
4120 17.8319819869 
4121 22.8215259252 
4122 20.8002368464 
4123 16.0652541036 
4124 21.6912989954 
4125 15.0330138627 
4126 28.0187208836 
4127 19.8084804287 
4128 18.7476974986 
4129 28.509421671 
4130 4.58620318531 
4131 20.5114563279 
4132 23.2744821592 
4133 29.2465849281 
4134 25.6021299548 
4135 21.7029419274 
4136 25.6758940411 
4137 20.1796687887 
4138 18.1110446892 
4139 20.9470086429 
4140 13.6688876402 
4141 19.4140767764 
4142 32.6384449034 
4143 19.0494242998 
4144 21.4127068313 
4145 15.1272362899 
4146 23.5934812087 
4147 18.0918451258 
4148 15.649585561 
4149 18.9548215844 
4150 16.2356456999 
4151 27.6106726066 
4152 23.6290829631 
4153 18.7609003617 
4154 21.9704114254 
4155 23.6393640754 
4156 23.9960804154 
4157 20.3477730767 
4158 20.5971856982 
4159 28.0745510694 
4160 21.0746839671 
4161 22.836979455 
4162 18.541722305 
4163 20.9740844325 
4164 26.0529843977 
4165 21.9885772807 
4166 14.7799447335 
4167 18.8655834038 
4168 16.8190873188 
4169 28.0639659593 
4170 23.3181893777 
4171 20.7194670792 
4172 23.6959673367 
4173 18.8159392013 
4174 23.6753557166 
4175 30.3182617797 
4176 23.2555546137 
4177 20.4002703334 
4178 21.070513875 
4179 23.7212819233 
4180 34.6413981451 
4181 23.3567970064 
4182 19.8397980036 
4183 16.8032960445 
4184 21.209323035 
4185 19.6795105646 
4186 25.6828182753 
4187 23.8809292431 
4188 17.1128074198 
4189 17.9699959145 
4190 28.6912084411 
4191 27.6247665372 
4192 22.1803762556 
4193 17.0493477712 
4194 16.5850704093 
4195 25.3630212139 
4196 22.3834116577 
4197 26.6460127943 
4198 38.5666068142 
4199 23.4489191884 
4200 21.0936134607 
4201 15.6381787563 
4202 29.9087062399 
4203 15.5083255222 
4204 20.2546473091 
4205 22.2394800721 
4206 20.8008628382 
4207 22.7472624034 
4208 13.1864146296 
4209 26.7877484839 
4210 17.9727286147 
4211 27.7958907562 
4212 22.8775619375 
4213 0.208230596122 
4214 21.1245495732 
4215 26.2717923902 
4216 29.3250620939 
4217 29.4432447309 
4218 23.5793228439 
4219 13.9981398379 
4220 23.4771367425 
4221 21.3054109267 
4222 19.6312372 
4223 16.2443531711 
4224 21.6048389444 
4225 23.8249258951 
4226 28.8196416465 
4227 23.2830696163 
4228 26.249861833 
4229 26.767819114 
4230 18.1451330648 
4231 20.6163346747 
4232 21.4204567456 
4233 18.649170289 
4234 23.2423577341 
4235 26.2182429152 
4236 20.8583618718 
4237 27.3158544296 
4238 22.2445254292 
4239 27.4446406266 
4240 18.1078566569 
4241 23.8396587422 
4242 23.6750439824 
4243 24.6733600078 
4244 24.6126741213 
4245 18.4841538067 
4246 19.8481643574 
4247 1.50166085451 
4248 23.3740354764 
4249 17.2223892155 
4250 32.9102638392 
4251 19.9365507652 
4252 22.847160209 
4253 20.0327885214 
4254 22.7836742559 
4255 20.4410391764 
4256 22.248367342 
4257 27.9662408275 
4258 17.4737604096 
4259 18.7589382416 
4260 23.7571302057 
4261 22.7988308905 
4262 20.4075397955 
4263 16.8848936182 
4264 -0.35546938097 
4265 19.6823437316 
4266 25.7630882101 
4267 12.7968255071 
4268 16.3156708704 
4269 29.9917581678 
4270 22.7424538203 
4271 29.285691602 
4272 22.1516505668 
4273 17.6505030518 
4274 24.1301737509 
4275 20.929293975 
4276 21.4160687348 
4277 24.994756096 
4278 19.3063663224 
4279 21.4715219682 
4280 29.7369168423 
4281 26.186964621 
4282 23.8556587723 
4283 23.5951096048 
4284 1.09136980382 
4285 22.4466815904 
4286 21.8162504386 
4287 24.8400188368 
4288 20.780477156 
4289 32.0822427968 
4290 23.3947567277 
4291 21.9160173416 
4292 20.1932154456 
4293 24.3361898097 
4294 23.0884141872 
4295 23.6949874005 
4296 17.9613520034 
4297 27.561391722 
4298 23.4102770561 
4299 25.8610593427 
4300 23.6140702311 
4301 21.0710494473 
4302 24.2059545033 
4303 19.6816420393 
4304 20.471856493 
4305 28.2766315177 
4306 23.7164806272 
4307 16.2111842766 
4308 22.9717098054 
4309 27.1750393186 
4310 20.8689797905 
4311 30.6620482436 
4312 0.0273875141948 
4313 28.5669108549 
4314 16.1809758835 
4315 21.7698929834 
4316 18.2534850069 
4317 19.0273565534 
4318 26.3423363868 
4319 25.2698580271 
4320 20.6731396664 
4321 25.2715998253 
4322 14.4006565401 
4323 18.2458995516 
4324 22.6121253594 
4325 22.643922985 
4326 23.9624421704 
4327 28.5424919641 
4328 23.1383112892 
4329 20.7818241122 
4330 19.4353761962 
4331 16.0580909174 
4332 23.4656361377 
4333 29.0868978767 
4334 22.1956450512 
4335 18.9077979735 
4336 26.2323912273 
4337 18.6786179817 
4338 27.9420556996 
4339 32.5376083995 
4340 16.8080653409 
4341 0.0452961100408 
4342 15.0005715405 
4343 16.6885355095 
4344 20.31734793 
4345 24.3831103244 
4346 22.7322798477 
4347 21.4665408256 
4348 25.1248030673 
4349 19.8154819923 
4350 20.1778033385 
4351 25.6338016466 
4352 20.7807323902 
4353 16.1351665155 
4354 17.5061147003 
4355 22.762536849 
4356 20.3088482181 
4357 30.8388377546 
4358 27.0312374052 
4359 0.0535817454551 
4360 20.1722245635 
4361 24.3414842236 
4362 22.3980044681 
4363 23.0538260664 
4364 30.354398165 
4365 20.44047983 
4366 13.93024966 
4367 18.721902403 
4368 25.0824285498 
4369 18.167984295 
4370 21.2271141827 
4371 18.1213050939 
4372 24.322944394 
4373 22.4987310297 
4374 24.3848601943 
4375 21.8829559912 
4376 25.1075411934 
4377 24.0503330871 
4378 23.4814674238 
4379 19.9567523299 
4380 27.2716034911 
4381 22.4504789879 
4382 16.3244199003 
4383 20.1888712564 
4384 25.2562471964 
4385 24.3775904948 
4386 16.5885567924 
4387 22.0174634741 
4388 28.6094029914 
4389 29.3091702685 
4390 24.900223767 
4391 27.9063927247 
4392 23.1103166721 
4393 23.2891491411 
4394 23.4952568475 
4395 23.9661961179 
4396 17.1230847392 
4397 17.8348468551 
4398 26.2159499865 
4399 19.7902594956 
4400 0.810658917847 
4401 21.710236579 
4402 36.6062023801 
4403 28.0657151533 
4404 29.5543926031 
4405 25.6609742085 
4406 19.9119754149 
4407 36.1798355162 
4408 25.8787235334 
4409 27.712272342 
4410 29.3035752086 
4411 28.1548885464 
4412 30.4114607456 
4413 20.1697134953 
4414 19.2303562837 
4415 16.4091981364 
4416 27.6486052685 
4417 20.5781059432 
4418 24.6022542589 
4419 26.9962779951 
4420 12.1620592834 
4421 11.8588868007 
4422 24.0994560849 
4423 26.1217499652 
4424 12.3263866403 
4425 0.287539398893 
4426 24.6749205522 
4427 16.8799212784 
4428 24.8223684314 
4429 30.39009088 
4430 21.0447549174 
4431 19.8976202772 
4432 26.5593247263 
4433 18.7745907818 
4434 18.561084087 
4435 25.6983026884 
4436 18.6140418288 
4437 28.4865108933 
4438 21.1626535982 
4439 16.9453356241 
4440 24.2318236331 
4441 21.775804769 
4442 35.9256874524 
4443 22.7003880808 
4444 18.7761180093 
4445 25.2556329558 
4446 24.5853839933 
4447 10.5997126233 
4448 16.8159565297 
4449 15.9111281171 
4450 18.0792566312 
4451 23.2857383958 
4452 22.6827870121 
4453 20.2873133356 
4454 18.6551204097 
4455 24.5832575803 
4456 22.6367499463 
4457 27.3503604934 
4458 30.0041622157 
4459 21.5042368378 
4460 27.4012080496 
4461 11.5253805874 
4462 22.1020551945 
4463 24.3572794611 
4464 23.4197012803 
4465 22.1583058011 
4466 29.2249091173 
4467 18.7410832139 
4468 20.6614752119 
4469 15.29478655 
4470 19.0488038911 
4471 22.3110612709 
4472 24.0484621263 
4473 22.394394595 
4474 23.9714864398 
4475 25.6134133432 
4476 24.9289052565 
4477 21.7751494065 
4478 27.8096392192 
4479 16.7035577058 
4480 21.6467303071 
4481 13.2452557147 
4482 24.9354077871 
4483 27.8224501434 
4484 26.6400261981 
4485 20.6254946853 
4486 0.991556989409 
4487 -0.01362545885 
4488 26.1006338179 
4489 25.9729349877 
4490 1.82004627673 
4491 0.793827629367 
4492 23.0120421687 
4493 29.056425831 
4494 30.1884567183 
4495 14.8587040976 
4496 18.8804313413 
4497 20.2610385037 
4498 16.8570272055 
4499 25.2050458842 
4500 18.1489543442 
4501 29.8122030497 
4502 23.7196286664 
4503 20.918562358 
4504 24.6529150346 
4505 23.9008724827 
4506 23.4899540268 
4507 18.5944605777 
4508 20.9674998058 
4509 27.6480012503 
4510 -1.26302277997 
4511 22.4137306887 
4512 18.2081730113 
4513 21.7327141538 
4514 32.1751693295 
4515 24.1015182879 
4516 22.7851425515 
4517 22.3173421576 
4518 20.3596145013 
4519 20.3747250793 
4520 16.5589900379 
4521 18.2629678675 
4522 21.8125610792 
4523 29.5884309777 
4524 25.5192947377 
4525 18.7871352695 
4526 18.336211609 
4527 16.8591884643 
4528 25.7878156809 
4529 21.5746640673 
4530 26.0936323729 
4531 26.8739643902 
4532 23.6158271896 
4533 22.7824043327 
4534 21.4991673375 
4535 20.2439135689 
4536 22.7680752115 
4537 21.5175936963 
4538 12.2419274606 
4539 26.1031241429 
4540 20.1422846578 
4541 35.8165956385 
4542 22.0510100301 
4543 26.8880712677 
4544 23.67323912 
4545 13.7686342551 
4546 25.9317967267 
4547 22.6392796485 
4548 22.2818111609 
4549 17.994070831 
4550 28.9297227813 
4551 25.1866961486 
4552 14.2878562572 
4553 24.1485262397 
4554 19.3474200375 
4555 21.8446990928 
4556 30.0047358715 
4557 20.1015132293 
4558 19.7597950344 
4559 27.0774311641 
4560 20.3125908671 
4561 28.6410795219 
4562 2.51316282131 
4563 20.7040745572 
4564 26.8286532494 
4565 23.5756340206 
4566 20.6913775981 
4567 18.719666979 
4568 22.612906931 
4569 22.8254605064 
4570 26.3478406977 
4571 29.2912932955 
4572 33.6265537776 
4573 22.1536995393 
4574 35.9523059885 
4575 20.7249916365 
4576 25.120528783 
4577 22.286476868 
4578 22.3429606952 
4579 24.6701349618 
4580 -0.346657900975 
4581 26.2907712195 
4582 25.6868977948 
4583 18.7568414905 
4584 20.6627654565 
4585 31.0143562865 
4586 23.71133159 
4587 18.5075451121 
4588 24.7789493892 
4589 20.0307471913 
4590 16.2501852677 
4591 27.0186159155 
4592 25.9112967371 
4593 29.577496843 
4594 20.9409206914 
4595 19.3714015578 
4596 29.532186107 
4597 21.6239918123 
4598 20.4007973023 
4599 22.5881475593 
4600 14.4842275636 
4601 23.093634675 
4602 20.1883375974 
4603 16.8581289302 
4604 20.0525703645 
4605 21.7395687311 
4606 31.0567371054 
4607 23.6808286268 
4608 20.0866884699 
4609 25.9790049949 
4610 34.6872839502 
4611 20.5053049002 
4612 19.6344619917 
4613 19.1861774924 
4614 29.4019951091 
4615 29.9715889841 
4616 21.4073368705 
4617 23.526616949 
4618 15.6075067148 
4619 18.4558029911 
4620 18.0745480549 
4621 20.5888691291 
4622 25.0084791555 
4623 24.7239399916 
4624 24.5992274394 
4625 23.0201590945 
4626 26.9820151905 
4627 22.7525905856 
4628 13.4234181828 
4629 18.0844961146 
4630 13.3495074909 
4631 24.0795876156 
4632 22.7309745578 
4633 25.4537366773 
4634 16.1471563772 
4635 21.1478399555 
4636 33.9317086956 
4637 20.7629476316 
4638 18.6460719245 
4639 24.4680092668 
4640 22.3649115357 
4641 26.4816721832 
4642 26.1087189213 
4643 19.0846616907 
4644 21.2972316585 
4645 25.7838597466 
4646 14.1282406413 
4647 12.3125046855 
4648 18.0937027723 
4649 21.5196291396 
4650 22.5729517309 
4651 29.6478515323 
4652 25.4597207355 
4653 26.3350647384 
4654 18.0008882608 
4655 18.6073952979 
4656 25.850963248 
4657 24.4071801703 
4658 13.6431506662 
4659 11.9966835384 
4660 35.2343592063 
4661 17.8349582403 
4662 20.6602109642 
4663 17.7496327909 
4664 24.0452012656 
4665 17.3955790207 
4666 17.9000558382 
4667 20.6684849538 
4668 18.7991113374 
4669 29.6347087923 
4670 22.070061845 
4671 29.2353736652 
4672 15.3439572113 
4673 25.2959444335 
4674 32.2370865228 
4675 28.2623371934 
4676 30.2286620179 
4677 24.0717006993 
4678 18.290016953 
4679 23.4969454008 
4680 25.0666774531 
4681 19.2001383757 
4682 19.6146549906 
4683 18.7111052135 
4684 20.9500825422 
4685 19.4039304994 
4686 27.3287311679 
4687 30.1238398457 
4688 21.0484209152 
4689 9.78377973796 
4690 16.1937231089 
4691 28.2714243518 
4692 27.0842583529 
4693 26.980136025 
4694 19.0956738606 
4695 22.8731419615 
4696 20.2094076372 
4697 25.1921533161 
4698 23.6368881316 
4699 24.2604233001 
4700 24.2417695947 
4701 26.7925846018 
4702 20.9262406223 
4703 18.5591816111 
4704 -0.437982109455 
4705 19.1932504165 
4706 27.4794457647 
4707 27.9387210193 
4708 25.6536046924 
4709 33.2980188809 
4710 24.6643363377 
4711 28.8539549761 
4712 23.4743925497 
4713 22.7632109287 
4714 19.5886509119 
4715 25.1257022498 
4716 26.4801176192 
4717 28.1475714763 
4718 21.6655856491 
4719 24.7584696527 
4720 10.4442083441 
4721 21.0531664613 
4722 22.9346362146 
4723 18.9918087319 
4724 19.6319106264 
4725 25.2979511321 
4726 25.3192429289 
4727 24.7801382442 
4728 16.6373601771 
4729 29.964453018 
4730 24.1711460968 
4731 29.0003671585 
4732 19.1891474595 
4733 22.8437522472 
4734 23.3307543634 
4735 15.7644537785 
4736 18.1952050907 
4737 24.0474801897 
4738 26.7402428012 
4739 21.8535192406 
4740 30.0886862923 
4741 24.9000270223 
4742 11.4211662218 
4743 0.618195776016 
4744 31.1162496443 
4745 20.8662658252 
4746 27.1096387606 
4747 23.7818177533 
4748 25.3675522159 
4749 16.1640460398 
4750 29.9467858062 
4751 25.5468011072 
4752 23.6270028976 
4753 26.2474148318 
4754 1.54312004845 
4755 30.7036767771 
4756 19.2741194305 
4757 25.0383282183 
4758 24.3539228012 
4759 17.9438554902 
4760 16.3068819741 
4761 27.9136605477 
4762 24.3862711572 
4763 21.322049953 
4764 12.8835464748 
4765 26.9461396407 
4766 13.2217847809 
4767 21.1853013627 
4768 18.0526735842 
4769 12.0954780233 
4770 -2.80117149525 
4771 24.4290111192 
4772 20.6009070939 
4773 20.3402147036 
4774 27.1417117757 
4775 23.4246119251 
4776 24.3770642789 
4777 31.1456394815 
4778 27.0086409231 
4779 19.8572106752 
4780 15.2727230502 
4781 26.8549546835 
4782 25.3513180554 
4783 -2.74574406745 
4784 17.563671364 
4785 28.2132998301 
4786 23.3465013937 
4787 15.4295612761 
4788 31.124865917 
4789 26.1099158678 
4790 18.3723042696 
4791 21.0325160365 
4792 23.4883268207 
4793 20.8701469238 
4794 24.1183306684 
4795 25.7196192635 
4796 22.7484661075 
4797 22.1330585911 
4798 14.409025378 
4799 28.651996815 
4800 27.4591481353 
4801 17.6673858448 
4802 24.1418144376 
4803 19.4658204136 
4804 27.2622113855 
4805 23.0771072534 
4806 24.627946684 
4807 28.6531862353 
4808 12.0161186615 
4809 19.8491237283 
4810 26.6769838613 
4811 21.1595447137 
4812 35.8181079705 
4813 19.7572573153 
4814 31.0108518641 
4815 29.0192299673 
4816 17.9460854779 
4817 30.3934794064 
4818 -0.810769884378 
4819 17.8837834222 
4820 17.67839509 
4821 20.086407929 
4822 17.1990445852 
4823 24.7901566335 
4824 19.1318328879 
4825 28.2549823982 
4826 17.404080835 
4827 16.2104033188 
4828 23.544070928 
4829 22.4478096153 
4830 20.5050401178 
4831 28.0041688439 
4832 23.5732919124 
4833 19.2175704237 
4834 27.9861789475 
4835 22.487848419 
4836 21.4777666664 
4837 19.7124911787 
4838 23.080730259 
4839 24.7807771771 
4840 16.1145556695 
4841 23.9771416703 
4842 20.2988232432 
4843 17.4131314657 
4844 -0.441396994175 
4845 28.0941639124 
4846 29.1359604021 
4847 17.7355285053 
4848 24.631472052 
4849 15.7855335369 
4850 19.9333449287 
4851 29.0768951367 
4852 14.3162480651 
4853 21.8684440154 
4854 23.0230775041 
4855 3.18133744133 
4856 19.846067324 
4857 23.4453836587 
4858 14.81300138 
4859 15.8615608964 
4860 1.39633995489 
4861 17.8322968113 
4862 13.8122297027 
4863 21.5939334006 
4864 26.3122830142 
4865 25.2139463829 
4866 26.8865841964 
4867 23.4409188609 
4868 25.3012385972 
4869 20.1800928288 
4870 39.4424164784 
4871 21.0145616492 
4872 22.1027386452 
4873 15.8889590914 
4874 16.9041748581 
4875 26.9343751944 
4876 27.3080358816 
4877 26.0384174594 
4878 13.2264190288 
4879 17.070700034 
4880 27.2774331644 
4881 -0.268570323981 
4882 20.6337288489 
4883 21.4058939004 
4884 18.1343967932 
4885 28.8383470474 
4886 28.9387596539 
4887 20.6768688052 
4888 14.9929785217 
4889 19.0346292553 
4890 20.0587446244 
4891 15.3292174301 
4892 21.9667040472 
4893 26.2873463 
4894 30.5644120487 
4895 25.0687697667 
4896 24.9355212445 
4897 1.67158422333 
4898 23.8924925878 
4899 21.3355598614 
4900 29.7981334625 
4901 23.3720988571 
4902 14.6662105145 
4903 24.3101783219 
4904 22.8577390516 
4905 22.6181905469 
4906 29.5307553368 
4907 22.9836206798 
4908 25.2147553837 
4909 23.7903735946 
4910 25.7108394094 
4911 23.4608494652 
4912 27.6816208815 
4913 16.2115608424 
4914 24.4633627102 
4915 12.3966727138 
4916 23.5459902686 
4917 14.2967122906 
4918 22.6733831235 
4919 20.8013160749 
4920 18.804085434 
4921 30.6371421903 
4922 25.344479728 
4923 36.0556566698 
4924 27.6882444143 
4925 22.1471763277 
4926 17.9554903272 
4927 26.8167262745 
4928 23.9476133557 
4929 19.8502647183 
4930 18.7290820149 
4931 24.597580715 
4932 19.6594964849 
4933 20.8737792628 
4934 26.1771793736 
4935 20.7970749068 
4936 12.6856766224 
4937 22.5733581503 
4938 19.8020766773 
4939 22.9067949256 
4940 23.9784889054 
4941 21.0797038662 
4942 20.1355911832 
4943 16.3566747596 
4944 27.3580348173 
4945 18.7423498101 
4946 19.7562742417 
4947 23.5007253414 
4948 19.349741405 
4949 20.8720814173 
4950 20.3217461674 
4951 20.7037914135 
4952 21.9942657274 
4953 20.4770620526 
4954 25.1798292039 
4955 20.9950214173 
4956 10.6586519422 
4957 9.93895411964 
4958 20.6160404848 
4959 19.6691209358 
4960 22.3627674527 
4961 14.5830689363 
4962 24.3851614945 
4963 23.0088534474 
4964 23.2472148354 
4965 26.1347771582 
4966 20.104926879 
4967 25.8998394976 
4968 18.7807006967 
4969 14.5118754514 
4970 31.5906205141 
4971 19.185169442 
4972 16.4133839141 
4973 22.4887573443 
4974 27.9103740116 
4975 21.531073427 
4976 23.5027185993 
4977 21.2704856835 
4978 25.4415711607 
4979 22.0034543948 
4980 29.4218756936 
4981 22.1245790726 
4982 26.0248837798 
4983 20.2891378621 
4984 24.3523376267 
4985 18.7986335619 
4986 20.1716267179 
4987 21.4054336469 
4988 12.3741981708 
4989 19.3538719811 
4990 25.6031068789 
4991 22.0094755542 
4992 29.0585122823 
4993 25.7351555445 
4994 20.9864714022 
4995 17.429132973 
4996 22.2981185297 
4997 20.2389733331 
4998 20.1271428313 
4999 22.78448072 
