619 5
368 5
587 4
1450 4
1897 5
488 5
1721 5
704 5
337 5
1260 5
1321 5
178 6
1007 6
1902 5
18 5
1054 4
946 5
803 4
1542 6
1766 5
1502 5
130 4
940 5
1797 3
344 7
149 5
1838 6
1686 5
408 5
1608 3
85 6
540 6
872 5
732 4
1745 4
897 5
1896 5
477 5
945 6
1915 4
1314 5
1985 4
960 5
1053 5
1055 6
106 4
1448 4
1965 4
1961 6
289 4
602 5
1185 5
658 6
194 5
1883 5
1470 4
1579 5
757 4
1084 4
423 3
1210 4
1627 6
826 5
276 5
1164 4
35 5
1642 4
1466 6
284 4
453 4
1812 4
405 5
747 5
1834 5
482 3
1200 7
356 4
1509 5
230 4
1791 4
1071 5
54 5
1725 5
995 5
241 3
942 6
968 5
173 6
1057 6
1726 7
1665 4
608 4
623 5
1330 6
1460 7
161 5
1354 6
980 6
31 5
386 5
1992 6
184 4
807 5
1017 5
348 5
1349 5
1091 5
825 6
170 6
1291 5
1974 6
282 4
1259 4
1500 4
389 6
119 5
1659 4
1649 6
516 4
195 6
312 5
877 5
844 5
1148 6
246 4
56 6
1018 4
1670 6
1090 2
416 5
42 4
876 5
875 6
1216 6
1257 5
1307 6
380 4
762 5
97 4
1901 4
515 5
1195 5
1217 5
36 4
1679 4
490 6
438 5
1391 4
112 6
332 4
1013 6
629 5
1331 5
998 5
464 5
1723 5
217 5
911 7
1568 4
235 4
150 4
1371 5
1587 5
1581 5
614 4
979 6
325 6
1224 5
1959 6
169 5
1530 5
1111 4
160 6
1168 3
1859 5
634 5
1772 5
1404 6
1235 6
1487 5
830 4
330 4
1906 6
1817 4
1802 5
1258 5
661 6
1526 4
1324 5
853 6
1062 6
563 4
1698 5
1792 5
1744 5
1523 5
1908 5
1032 4
1690 4
1567 5
1131 4
1139 5
1191 3
73 5
1107 5
1736 5
111 4
1339 5
705 5
1452 4
145 4
1463 5
500 5
514 6
352 5
345 4
213 4
113 6
1904 4
1281 5
885 6
1177 5
593 4
115 5
986 4
1246 5
1806 4
671 4
1658 4
543 6
1329 5
1226 4
858 5
509 6
1348 5
1288 5
578 5
1277 5
526 5
1049 5
1616 6
1261 7
1504 5
311 4
764 7
1406 7
39 7
1222 6
1916 5
1272 5
1518 4
951 5
399 7
1064 3
756 5
595 5
999 4
9 5
489 4
333 4
929 5
1720 4
1265 5
682 5
64 5
740 5
1215 5
1827 5
632 5
221 4
746 6
510 6
530 5
707 4
1815 5
1033 6
694 3
1862 5
1305 5
573 6
1677 6
1457 4
873 5
446 4
1088 6
375 4
1618 5
617 5
1895 6
805 6
1486 4
1338 4
1048 5
863 4
1004 6
597 5
1927 6
547 6
354 5
1805 5
1005 4
1081 4
249 5
1336 6
1907 4
1203 5
1126 4
889 4
1501 7
1415 5
1839 6
122 6
1993 6
1552 5
521 6
1692 3
13 6
1318 4
373 5
1209 6
1919 4
1161 5
1097 4
451 5
177 5
881 5
1573 6
1512 7
1624 4
1494 5
964 5
1837 4
1106 5
1072 4
445 3
1533 4
57 5
1086 4
1622 6
1775 3
1628 5
502 6
1557 5
1361 6
1754 4
290 7
1432 5
1864 4
527 4
1981 6
894 6
603 4
242 6
1607 5
447 6
1960 5
710 5
1008 7
1703 4
988 4
131 6
1996 6
1205 6
303 3
1610 4
90 6
1472 4
245 5
689 3
1118 5
1833 5
1012 6
403 3
1073 5
1930 6
1342 4
1362 6
739 3
1251 4
1820 6
1187 6
1070 5
1583 6
1262 5
692 5
1274 6
642 5
1600 5
1114 5
127 4
622 4
1999 5
1473 5
1553 5
21 4
867 4
833 5
582 4
818 5
735 4
378 6
1849 5
1924 7
1255 5
1967 4
612 3
441 6
1365 3
299 6
787 4
567 5
670 4
1302 4
717 4
902 6
1152 6
1051 4
1695 4
1962 5
1456 5
561 4
1638 6
1306 5
1522 6
549 6
939 4
1925 4
564 5
14 5
193 5
269 4
1889 4
1528 6
1311 4
1955 4
1497 6
259 4
599 4
455 4
1397 3
309 5
1988 6
50 4
1713 4
1133 5
358 6
953 4
1635 4
1140 6
774 6
314 4
1950 6
250 5
1678 4
293 4
976 5
898 5
1421 5
1085 4
1179 5
1252 5
695 6
719 5
1206 4
815 4
439 3
536 5
454 4
318 4
471 5
1524 4
1840 6
822 4
943 6
782 4
1009 4
305 6
369 4
1873 6
331 4
1358 6
1151 6
98 5
702 6
1507 3
504 4
1819 5
134 5
810 4
1234 5
862 6
1631 6
1865 6
390 4
1392 6
395 4
584 6
1240 4
1929 6
1807 4
1103 5
385 6
1393 5
1995 6
65 3
1846 5
32 4
1781 3
1337 6
590 6
1892 5
775 6
1687 7
1464 5
767 6
1669 4
820 5
1173 5
1398 4
306 5
460 6
1606 4
1866 5
1857 4
1477 5
503 6
1831 4
1144 5
30 5
1124 4
45 5
1295 3
1878 3
588 6
928 4
610 5
1412 6
809 4
148 5
643 5
1626 5
1165 5
323 6
1158 6
864 5
1899 6
525 4
879 4
240 6
1871 4
1190 4
909 5
1938 6
1039 5
467 4
1771 6
1701 5
1613 6
1693 6
308 6
1656 6
640 6
493 5
1742 4
1730 6
565 4
1580 5
295 6
60 5
118 6
69 6
1743 4
1023 4
1355 6
1416 6
1578 3
886 3
1153 5
961 3
1529 6
393 4
1560 3
1653 6
1309 5
1891 5
224 5
1214 4
1913 6
556 6
723 5
10 5
162 6
505 4
327 6
977 4
916 6
271 4
884 5
1646 5
1905 5
1334 6
662 3
1204 5
700 5
1595 4
468 5
74 6
1822 6
383 5
1223 6
1409 5
1025 5
1651 5
1247 6
765 4
1874 5
905 4
659 5
158 7
1375 5
1555 5
1790 6
645 6
258 5
1597 6
238 5
1442 5
577 6
1087 5
1108 6
1143 4
16 4
1799 6
725 5
52 5
1589 6
650 6
428 4
743 5
304 6
511 7
226 3
209 4
1128 7
1994 4
1920 6
1387 3
491 4
1674 5
1668 4
1335 4
165 4
752 5
512 6
200 4
237 4
574 6
316 5
1351 6
1360 4
196 5
1972 4
987 6
67 4
1712 6
1868 5
959 4
544 5
37 6
890 5
168 5
146 3
1326 6
1998 4
1221 7
28 4
1954 5
1243 5
1430 5
1709 5
714 6
1592 4
1979 6
1599 6
518 6
334 5
1534 5
1068 5
1455 4
71 5
506 6
532 7
1982 5
5 6
228 4
708 5
1094 6
1514 7
17 3
1293 5
1093 4
123 6
611 5
627 5
1637 3
1433 4
849 5
1276 5
1574 4
922 5
1762 6
1572 4
1155 6
101 3
88 5
647 6
1199 6
908 6
994 4
406 5
1113 5
857 5
1374 5
1900 6
1700 4
93 5
495 4
236 5
232 5
219 5
996 5
797 3
528 4
1333 7
742 4
313 5
1644 5
1645 5
1095 6
1388 6
1370 5
1824 5
878 4
1566 6
1169 4
1002 4
1629 4
686 5
823 5
139 6
883 4
817 5
644 5
360 4
1431 7
1275 4
665 5
1714 6
1869 5
1352 3
1184 5
1282 4
680 5
921 4
1366 5
1110 4
840 6
1498 5
978 6
172 5
839 4
66 3
475 5
949 4
1024 5
370 6
201 6
1384 5
1372 6
1076 4
449 5
1471 4
601 5
157 3
1958 5
288 5
1877 4
307 5
947 6
1160 6
900 5
1845 4
192 6
1157 5
1434 4
1980 6
102 5
1521 6
329 6
353 4
207 5
1327 5
1971 5
613 7
72 5
1207 6
621 4
1254 5
435 6
646 5
625 4
442 4
1297 4
1134 5
1147 5
1401 4
1881 3
225 6
422 4
484 7
1386 4
1941 5
507 4
729 5
1170 5
1940 5
1876 6
1468 6
675 3
1316 6
365 4
874 4
1484 6
690 5
722 5
1350 6
1786 4
1149 5
1411 6
479 4
1301 4
887 6
800 5
1914 4
649 4
903 5
1248 6
1832 4
1738 5
1879 4
1650 6
1428 7
1570 6
1236 6
1096 7
1582 6
1894 4
576 5
1109 5
1558 3
932 5
458 5
545 5
1146 4
480 5
410 6
1987 4
164 4
517 6
202 6
845 5
1536 5
1858 4
1562 5
215 4
280 5
351 6
1145 3
985 6
1347 4
1776 7
1011 4
1769 5
920 4
1590 6
176 4
1910 3
1588 7
1630 5
1575 7
1893 4
1020 6
1122 6
1948 6
152 4
357 4
1654 5
1058 6
1934 5
730 6
609 4
962 5
1936 5
1364 6
291 5
179 5
340 5
1763 5
1984 6
254 4
1296 5
1116 7
208 4
1800 5
1444 6
434 4
216 5
914 4
359 4
1377 4
1001 6
1956 4
1225 5
741 3
364 6
1493 5
828 4
469 5
751 5
1921 3
1565 5
1268 5
1045 4
1438 5
1777 4
103 5
132 5
801 4
1429 4
1675 4
1798 4
941 6
167 4
569 4
812 4
128 5
1060 5
667 3
1715 6
761 6
81 7
92 4
1711 4
3 6
22 6
1402 5
744 7
1861 5
412 5
420 5
481 4
401 5
285 3
1585 7
843 3
1787 5
212 6
1050 4
1853 4
1141 5
829 4
973 5
711 4
1278 5
1044 6
926 5
1617 6
1383 3
279 6
1328 4
338 6
1427 4
1271 4
888 5
483 5
267 5
1154 7
538 6
496 6
1830 4
1756 4
935 5
1705 6
1171 4
1341 4
1931 6
1662 6
1422 7
1887 5
1022 7
669 5
1213 6
982 6
44 6
1918 4
1729 3
1074 6
15 5
1672 4
252 5
575 4
417 6
281 6
1746 5
494 4
832 5
374 6
55 6
91 6
870 5
2 6
792 4
86 5
551 5
1067 6
1682 4
653 5
191 5
1117 4
1026 4
1970 4
1410 6
1706 5
1757 5
539 6
1319 4
1417 7
748 5
1953 5
159 5
404 6
1437 3
1539 6
1016 4
270 5
808 4
791 4
1089 5
1127 5
1458 6
1420 5
620 5
1211 4
1230 6
522 5
1854 6
1030 5
1760 6
1944 5
140 4
850 4
1527 4
993 5
248 6
1836 4
1132 5
1620 5
154 5
1475 7
685 4
108 6
1739 5
153 3
1449 6
257 7
382 5
1510 4
11 3
186 4
1237 5
1312 5
687 5
1508 5
952 4
1643 5
745 3
1031 6
1345 4
109 6
1741 5
1727 3
1596 5
1917 4
842 5
709 7
841 6
19 6
1848 4
125 5
1765 6
1454 5
513 6
783 6
198 5
1991 5
476 4
1774 5
297 4
1997 5
398 6
1564 6
824 6
1506 5
664 6
927 4
497 6
1761 5
1065 3
1469 6
701 6
933 6
301 7
4 5
616 4
190 6
1525 4
651 5
1671 4
49 5
1283 6
1382 4
400 5
147 4
1082 7
46 5
806 3
1640 5
1232 6
94 5
1531 3
1559 5
62 4
753 5
931 3
1047 6
1423 5
618 4
1784 6
1220 6
1056 4
339 5
492 5
813 5
855 6
712 5
1285 3
688 4
799 3
1459 5
917 5
697 6
1782 5
1176 5
827 4
923 4
1696 5
244 5
1634 6
1445 5
432 3
896 5
1227 4
372 5
302 5
1517 4
328 3
1699 5
713 7
534 3
706 7
418 4
672 5
499 7
1189 4
1951 5
1325 4
635 5
989 4
1810 5
78 5
570 5
541 5
414 5
448 6
322 6
1983 4
1028 5
776 4
1174 5
342 5
1750 5
251 6
1426 4
919 5
784 6
199 6
59 3
967 6
1034 4
641 4
1778 6
1673 5
788 6
1601 6
673 7
1884 5
768 6
1492 6
1809 4
1939 5
948 3
397 4
1212 3
1027 6
1835 5
1014 5
1098 4
223 4
795 4
1465 5
1753 6
437 4
630 3
508 6
1513 5
38 4
1499 5
180 5
366 4
1136 4
1842 4
724 6
1657 5
1890 6
1976 5
1732 6
760 5
1192 5
861 5
1932 4
1625 5
1075 4
728 5
1516 6
58 5
183 6
882 4
559 4
75 6
1462 4
771 5
273 5
1414 5
1496 5
837 5
1957 5
1511 6
604 4
175 6
1860 4
99 5
1794 5
1461 6
1964 5
1561 5
535 4
1363 6
189 4
1480 3
461 5
972 3
1482 5
572 6
773 6
733 4
1239 6
27 3
218 5
1688 6
1357 4
1540 5
1344 7
966 4
598 4
95 5
1545 5
1852 5
1550 7
1119 3
1619 4
1718 4
1037 5
656 7
34 4
944 4
1042 6
498 6
1850 6
1303 6
1373 5
355 6
427 5
912 6
1928 4
1989 5
1912 5
738 5
868 6
1099 6
678 3
1180 6
155 4
1728 4
852 5
786 4
388 5
533 5
286 6
1381 4
110 3
263 7
473 5
343 6
811 2
79 4
737 5
326 6
1977 4
171 5
930 6
1648 5
566 4
992 3
1 3
459 6
1446 5
1717 6
0 5
156 4
120 6
769 3
1804 5
871 6
1066 5
581 6
452 5
851 6
899 7
794 4
1322 4
1823 5
1990 5
720 6
1724 7
969 5
1875 5
429 5
415 5
763 5
1228 4
1003 5
478 5
754 5
1667 5
231 3
1394 6
392 3
151 3
568 4
766 4
1519 5
591 4
310 3
637 5
679 5
934 6
1040 6
107 5
1080 3
1947 5
1495 5
974 7
407 5
1178 5
433 6
663 4
907 6
197 4
957 6
1764 5
431 6
41 4
1284 5
716 4
1378 6
144 6
1641 4
1623 4
1604 4
605 5
1181 5
1202 4
456 6
777 4
275 6
347 4
893 6
1476 5
1343 4
229 6
187 5
638 2
1719 6
1694 7
892 5
84 4
1855 4
529 5
1367 6
925 3
1639 4
1676 5
1308 4
1100 7
76 4
778 5
1300 3
1481 7
1043 4
1779 5
796 5
1123 6
1768 4
1289 5
409 5
981 6
991 5
990 5
211 5
1294 5
755 6
68 4
1063 4
1253 6
142 4
571 5
29 5
531 3
1121 5
552 3
1489 5
105 4
1112 4
560 3
1780 4
1396 6
1660 4
1576 5
693 6
1767 5
294 5
350 4
971 5
668 4
718 6
272 4
367 4
1233 7
1369 5
600 5
261 6
143 7
1424 6
485 6
1586 4
1069 4
300 4
287 5
1549 3
606 6
1015 3
1828 4
1661 7
1751 4
8 4
835 6
523 5
47 6
419 5
265 6
1092 6
910 6
341 5
821 5
703 4
1808 5
699 5
1340 4
1292 5
1194 7
391 5
379 5
734 6
1520 6
936 5
1547 5
1538 4
834 4
206 4
100 3
1789 6
6 5
7 4
674 5
1740 5
1380 6
430 5
831 6
655 6
901 5
1594 5
12 4
580 5
24 6
394 7
264 6
519 5
918 5
1801 6
1485 4
181 4
26 6
859 6
20 4
1773 5
1041 6
51 6
23 5
25 5
677 4
1841 4
1603 5
542 5
436 5
1605 5
135 5
555 6
33 6
83 5
277 5
1755 4
1734 5
136 5
1546 4
1829 5
40 5
1083 5
278 6
1563 5
43 4
1923 7
1909 5
48 5
1395 6
450 5
114 7
1685 5
53 5
1346 6
1142 6
163 4
129 6
1749 4
1046 5
63 0
472 5
1796 5
371 5
865 4
487 5
736 5
683 5
1722 7
1535 6
1946 6
70 6
1188 6
1135 5
1425 6
1532 5
1304 5
1368 6
816 6
550 5
77 6
421 6
1611 5
562 5
1783 5
80 4
424 6
82 6
557 5
174 5
87 5
61 6
89 5
1554 5
1175 6
96 6
1569 6
1491 4
1814 5
869 5
1591 6
1264 5
954 4
104 4
1752 4
1061 5
1467 5
466 7
501 4
1663 5
117 0
1219 1
1101 5
1298 5
1019 6
1770 5
1035 5
1231 5
804 5
1150 6
121 5
1748 6
124 3
666 4
317 5
1229 5
1447 4
1201 6
126 5
1156 6
133 5
970 6
137 5
138 5
141 4
1038 6
1975 5
363 5
589 3
1664 5
1419 4
243 5
1059 4
838 6
425 5
396 5
182 5
1598 6
546 4
1707 4
462 5
750 4
1245 5
1052 4
413 5
361 4
336 5
1137 4
660 5
848 5
836 5
166 5
1735 5
1208 5
731 6
1584 6
457 6
255 6
1793 5
626 4
387 5
654 5
1441 7
1615 5
185 5
1652 5
188 6
1681 5
1747 7
891 5
596 5
1537 6
1440 4
262 5
203 4
1403 5
204 5
1115 6
205 6
320 4
274 5
1632 5
1443 5
1130 6
770 5
1077 5
210 5
1731 4
233 5
698 6
1710 5
214 5
1010 6
860 4
1978 5
1399 4
220 4
1359 6
349 7
222 6
1400 5
1708 4
227 5
1166 5
444 7
474 5
1968 5
234 6
1882 6
1021 5
239 4
583 4
1785 5
537 5
1843 5
1478 5
247 5
1593 5
253 5
1867 6
296 7
256 5
1000 4
1691 4
1196 3
759 6
260 5
1263 6
266 5
268 6
463 7
376 4
1571 4
1926 5
1162 4
1548 4
553 3
283 4
292 4
1249 4
1704 6
780 5
298 5
1280 4
676 5
384 6
1697 6
1105 4
684 4
758 5
1666 6
315 5
1870 6
790 5
319 5
321 5
324 4
715 5
657 6
1313 6
924 6
335 4
1847 6
1323 5
346 5
781 6
1945 5
1036 5
1385 5
1407 5
362 5
1888 4
1602 5
377 4
1193 5
631 5
381 5
1609 5
997 6
963 6
958 7
1273 5
1197 4
691 3
1279 5
628 5
1242 6
802 6
402 6
1684 5
411 4
1244 5
1811 5
1453 5
648 5
426 4
1759 5
1129 5
1198 5
1515 6
440 4
1821 5
681 5
443 6
1238 5
465 4
956 6
1844 5
1942 6
470 5
696 4
1451 5
1269 5
579 4
814 5
594 5
895 4
486 5
1490 5
586 5
1182 4
819 6
1973 6
1880 5
1488 6
1543 5
727 5
1379 7
520 5
937 6
524 5
1315 6
1218 7
975 5
1803 7
1006 5
726 6
548 6
1163 4
554 4
558 4
1186 8
1886 4
856 7
1716 5
1758 6
1418 6
938 3
585 4
624 7
592 5
721 5
1505 5
1079 4
607 6
1818 4
615 3
793 4
1856 6
1439 5
633 5
636 6
639 4
1159 5
955 4
1436 5
652 4
1356 5
1952 6
1266 5
1872 5
1287 5
1125 4
1614 4
1029 4
1551 4
1317 5
1813 4
1825 6
1963 5
1816 5
1256 4
846 4
798 5
1544 5
749 4
1911 5
1885 4
116 6
1138 4
1483 6
789 5
772 5
847 5
779 4
785 4
1474 4
1683 4
1621 4
1250 5
1286 6
1922 4
913 5
880 5
1577 3
1167 5
1903 3
1102 4
1702 4
1633 6
854 0
866 0
1408 4
1647 5
1413 5
904 5
906 3
915 5
1851 5
1353 4
1183 4
950 4
1969 3
1937 5
1310 6
965 4
983 4
984 4
1863 5
1933 5
1435 4
1986 5
1788 5
1689 5
1405 4
1078 3
1943 5
1104 4
1120 3
1332 3
1172 3
1949 5
1826 4
1290 4
1241 4
1267 5
1270 0
1556 6
1299 4
1898 4
1320 0
1376 5
1389 0
1390 3
1612 4
1479 0
1503 0
1541 0
1636 0
1655 4
1680 0
1733 0
1737 0
1795 0
1935 0
1966 0
