26 3
47 3
262 5
203 1
243 3
135 2
25 3
12 2
198 2
158 1
64 6
113 4
107 4
237 3
270 4
41 3
277 4
229 1
62 3
100 3
117 5
35 4
167 5
201 3
122 2
228 4
266 3
227 5
258 3
240 4
208 3
4 3
56 3
192 3
154 2
97 4
236 4
108 3
288 1
268 5
141 4
233 4
102 2
21 3
33 3
123 2
57 1
297 5
199 2
183 1
255 3
71 2
271 4
61 2
121 4
14 3
132 4
152 2
170 5
66 3
252 3
239 4
218 0
200 5
260 1
245 4
46 3
45 5
204 5
129 0
120 4
263 2
55 3
17 0
179 4
44 3
230 3
31 1
29 3
128 5
140 4
194 2
67 4
191 3
182 4
105 3
225 4
92 3
36 1
89 1
32 3
126 2
42 3
82 2
290 5
27 2
40 3
110 4
295 5
210 4
279 3
136 4
60 2
294 4
139 4
249 2
22 4
250 3
48 4
242 2
142 5
219 3
146 4
164 1
2 4
99 2
190 2
267 2
214 3
145 3
223 1
24 2
30 4
251 2
98 2
285 1
280 2
287 5
238 3
226 3
50 3
84 4
138 2
3 3
168 2
149 2
247 4
231 2
79 1
256 2
70 2
80 3
159 2
59 2
9 3
278 5
298 5
172 5
58 5
72 2
174 3
189 3
265 2
119 4
52 4
125 1
5 2
38 2
16 0
161 4
281 2
224 4
166 4
78 2
253 3
96 3
209 3
187 3
177 1
13 5
207 0
291 4
144 2
43 3
131 5
195 2
202 1
165 4
69 2
276 5
241 5
234 3
143 4
212 2
173 4
93 4
150 3
83 6
153 5
289 2
8 3
54 2
112 6
6 4
0 4
53 1
184 4
74 2
7 4
86 6
39 2
232 2
196 0
213 2
217 2
148 1
10 5
104 2
18 3
68 1
254 1
160 3
156 1
275 5
85 2
75 1
88 1
215 2
137 3
272 4
28 5
49 4
19 3
87 1
185 5
269 4
171 6
248 3
73 2
193 3
115 2
94 3
34 1
130 4
63 1
81 4
151 3
163 4
284 4
114 3
273 5
1 4
116 3
124 2
20 4
176 3
211 2
222 1
155 3
274 2
292 4
180 1
246 3
76 3
257 3
77 4
90 6
299 5
175 4
157 4
109 4
197 5
286 5
264 3
221 3
65 6
186 3
11 2
162 3
15 2
235 3
51 1
244 3
216 2
134 2
106 4
23 1
206 3
118 4
181 3
133 3
220 5
103 3
127 2
37 2
293 2
282 5
169 3
178 4
188 4
95 2
91 3
101 4
296 2
205 3
147 4
111 3
283 3
259 2
261 1
