0 18.9798527235 
1 30.5220745039 
2 32.0960864539 
3 21.0981607294 
4 27.2947499121 
5 17.4058883424 
6 23.1615346586 
7 18.2652817992 
8 24.0118768632 
9 18.4710988373 
10 22.9964430212 
11 24.9101904798 
12 24.7578248134 
13 25.6045186617 
14 26.9200847304 
15 18.9549926647 
16 23.7206184254 
17 15.8142303277 
18 27.0940304038 
19 18.2001208596 
20 17.6003631783 
21 10.293499536 
22 23.2358487117 
23 27.0318576062 
24 22.1861712034 
25 28.6800258117 
26 20.270827581 
27 1.56285358148 
28 16.8600561464 
29 25.3384974753 
30 26.1497028393 
31 21.0132003715 
32 24.1041759793 
33 16.518669617 
34 29.5670150207 
35 27.9785960263 
36 16.7734352431 
37 24.6514895079 
38 22.7442035589 
39 28.5749476921 
40 23.4729316987 
41 23.1491875621 
42 27.0696551277 
43 24.5667966585 
44 23.7595435088 
45 18.7017889059 
46 23.2061683193 
47 25.3787301816 
48 20.1936222274 
49 15.3271358161 
50 25.7274809081 
51 37.6413230952 
52 25.2324942104 
53 20.5236924379 
54 27.0475687388 
55 21.4445080375 
56 16.7707692552 
57 23.1110709487 
58 18.2782025881 
59 15.86948754 
60 26.8925087586 
61 26.1209299378 
62 24.6466059699 
63 24.1364567939 
64 24.9157146443 
65 17.0841307075 
66 24.0038193581 
67 25.9252447706 
68 22.1359776884 
69 25.4561447514 
70 20.5923128874 
71 22.5566584168 
72 23.9990254495 
73 22.6518366669 
74 17.4544137625 
75 28.3535427785 
76 24.6346634283 
77 15.3461283935 
78 23.8804352064 
79 28.9775482031 
80 22.8002369632 
81 24.6903108168 
82 24.1783744472 
83 26.9648797105 
84 23.2337159649 
85 24.210915476 
86 21.4085931316 
87 22.8402735072 
88 17.1200176952 
89 22.4944022094 
90 26.4300322579 
91 21.6974163746 
92 19.8354710154 
93 19.5293976234 
94 22.6122455827 
95 18.0163501225 
96 18.417197125 
97 23.7235011698 
98 21.1517127704 
99 24.1219189464 
100 20.242040367 
101 17.1317668118 
102 14.6801014809 
103 11.4386392544 
104 33.0109646003 
105 23.6563131458 
106 31.6415481436 
107 22.5815296934 
108 25.9935299297 
109 29.7557718431 
110 23.6880912691 
111 14.0905996114 
112 19.885742788 
113 24.1631477831 
114 22.1531064675 
115 26.088255538 
116 20.3208470661 
117 26.5727645667 
118 14.7618696423 
119 17.2802951716 
120 19.9385150403 
121 17.403362427 
122 33.9248386037 
123 25.2097643877 
124 16.3145593894 
125 21.5250888405 
126 20.5082765918 
127 14.562608587 
128 22.0271541005 
129 19.5954711228 
130 14.9559197769 
131 25.7054236048 
132 26.7982107189 
133 18.7418672058 
134 17.6674252471 
135 17.5568912073 
136 25.9490705223 
137 20.2931568833 
138 23.8745143439 
139 28.639517966 
140 20.2720223036 
141 34.4460437285 
142 20.9281300709 
143 21.4197374307 
144 21.0854231712 
145 22.2820848092 
146 25.6379037896 
147 25.0019085775 
148 21.1361277227 
149 21.1756215156 
150 18.6603117472 
151 22.0941257579 
152 28.1575241322 
153 24.1468237845 
154 21.3706120845 
155 20.0851421117 
156 20.1366514462 
157 23.9462465327 
158 28.4717005529 
159 18.3324774488 
160 24.8384006868 
161 20.7472686725 
162 15.0288461979 
163 27.883181856 
164 32.9524600611 
165 21.8732745384 
166 25.2482512509 
167 16.6241817844 
168 17.9469698483 
169 21.4036118347 
170 20.877731428 
171 24.1494429906 
172 22.833371319 
173 22.0271154442 
174 15.3389263224 
175 28.1056839855 
176 19.0563647112 
177 21.7333201312 
178 20.0867114994 
179 22.2200233721 
180 19.6555137978 
181 22.6397902691 
182 20.8972561666 
183 23.5574390084 
184 23.7771825593 
185 27.5443166324 
186 21.0486174176 
187 23.9674075718 
188 23.823863203 
189 22.3074735786 
190 18.7465939727 
191 20.0174071642 
192 21.3495573404 
193 25.5001783777 
194 21.9850280876 
195 28.0784434628 
196 20.9794964394 
197 24.8360003103 
198 15.6104328911 
199 21.7161456567 
200 22.3879051432 
201 19.8529747075 
202 19.4894973233 
203 21.9185551886 
204 23.5983286882 
205 19.4332635831 
206 21.8094219913 
207 25.0351301624 
208 21.2741270079 
209 24.7982852403 
210 19.6794951087 
211 14.1016251948 
212 15.1811662306 
213 25.7291980499 
214 16.1726678469 
215 16.3045797223 
216 25.4343301692 
217 22.3259876638 
218 19.6840857807 
219 25.8209951083 
220 22.7625398678 
221 23.863563866 
222 24.9662533608 
223 21.0364320725 
224 21.5703254868 
225 26.3668225075 
226 22.8027304797 
227 13.0318960374 
228 22.0446008499 
229 24.4104659766 
230 24.0160950645 
231 24.3239018926 
232 19.05371637 
233 21.847363143 
234 18.5093404498 
235 24.0608140425 
236 26.3991545642 
237 18.7885617792 
238 26.2025484619 
239 23.0986865139 
240 25.3571545263 
241 30.1945951574 
242 21.0684033865 
243 24.5766931571 
244 19.7165228028 
245 22.0726762152 
246 31.4670518281 
247 36.7464442198 
248 30.7569256334 
249 14.8958927164 
250 24.4686448486 
251 22.5202841054 
252 12.8487925824 
253 22.9061738575 
254 22.3758598786 
255 20.177779892 
256 21.1395596004 
257 19.1163475057 
258 21.6038865415 
259 23.5695551369 
260 26.2451248405 
261 23.0305906285 
262 23.465427117 
263 26.0928792484 
264 23.8350376973 
265 11.6043940529 
266 19.6321293216 
267 27.1213415295 
268 19.3315680104 
269 19.392427843 
270 20.5015855812 
271 19.6156290823 
272 18.6016363963 
273 23.9082861378 
274 26.6926400352 
275 20.7027128166 
276 21.9129589954 
277 20.1261198629 
278 24.5892785543 
279 17.9492446342 
280 18.8655439978 
281 24.9002649588 
282 15.7267747015 
283 20.1838447708 
284 19.2581385567 
285 18.8033901307 
286 15.0479281982 
287 25.0274096465 
288 20.044506731 
289 22.3496838274 
290 21.8563235859 
291 18.2688163578 
292 21.8671921172 
293 20.3415320935 
294 26.9619836852 
295 24.7918009412 
296 22.463581404 
297 23.8739579537 
298 23.3779078257 
299 29.5276903934 
300 24.0757812156 
301 11.7102397957 
302 17.9889627397 
303 16.9172961385 
304 0.741625431162 
305 25.1086199692 
306 29.360318124 
307 23.735231808 
308 22.261358913 
309 23.4860246436 
310 20.5243648099 
311 19.4205398195 
312 22.7001479508 
313 19.4636010396 
314 24.702790505 
315 20.5266104809 
316 19.6360449834 
317 19.976447688 
318 21.1413840391 
319 24.2805192594 
320 22.3392189821 
321 19.1417434296 
322 23.9939518475 
323 23.7617844694 
324 17.9253570885 
325 19.9825201256 
326 17.1647886553 
327 20.3099791216 
328 21.9679818294 
329 27.0862719357 
330 21.8696306489 
331 31.0299184566 
332 27.8662470631 
333 19.0988150333 
334 23.54478049 
335 20.2398226821 
336 23.7878275566 
337 19.3702386708 
338 19.8680659098 
339 25.2767618166 
340 28.9998561933 
341 22.037072924 
342 28.1388996337 
343 14.726915159 
344 23.4725427819 
345 27.5168870307 
346 12.3981893151 
347 29.5882337681 
348 28.4495864462 
349 0.0961644483793 
350 23.1434525904 
351 23.0698331122 
352 22.8112313991 
353 19.2234949037 
354 20.1415645882 
355 24.4394519482 
356 20.7028497773 
357 14.3359820047 
358 23.5080589457 
359 25.9474597237 
360 20.2329328602 
361 22.0386449193 
362 20.6225027679 
363 18.1618853072 
364 27.4945787609 
365 21.6121078825 
366 24.1297965871 
367 19.6684987343 
368 24.7188651137 
369 19.6989280715 
370 21.3519154158 
371 18.2039505983 
372 21.2064642627 
373 15.2028877989 
374 18.4638998243 
375 16.8293813456 
376 25.3087437104 
377 34.5872440346 
378 26.3278170649 
379 25.9123054006 
380 19.7230330115 
381 23.5673423248 
382 25.6288517355 
383 23.2618642922 
384 25.7789490658 
385 24.9861976626 
386 18.4960932959 
387 21.4459124392 
388 22.546310563 
389 26.1911293679 
390 19.4976921355 
391 25.2019134145 
392 21.3730011234 
393 20.1093279074 
394 21.3505243123 
395 25.1813076458 
396 19.0734954926 
397 26.4312778705 
398 18.2343740957 
399 24.1838640593 
400 22.1394571574 
401 21.3821355149 
402 22.063803611 
403 23.2857635429 
404 21.5372029419 
405 25.0035046558 
406 20.1791022607 
407 17.2250491818 
408 19.4145942123 
409 20.9441091254 
410 18.7180421145 
411 20.59145551 
412 26.8522224161 
413 25.0707433681 
414 18.6822766539 
415 20.6115658473 
416 24.7704403287 
417 25.1433976584 
418 22.8406657845 
419 23.9784398836 
420 20.5857824597 
421 19.9658100082 
422 13.0429264559 
423 22.9493840406 
424 17.894957252 
425 25.9546415521 
426 22.5775407618 
427 24.4579359947 
428 18.8660675345 
429 26.6306582237 
430 24.3688364047 
431 23.8538635401 
432 23.61005128 
433 25.4359041351 
434 21.2078191644 
435 19.9013621489 
436 23.1293610684 
437 29.1123427611 
438 22.5203171036 
439 24.6934654124 
440 15.4209094868 
441 22.3868428243 
442 17.607656469 
443 21.3149354755 
444 24.6241222674 
445 15.5609468903 
446 20.7524471771 
447 22.1819806669 
448 20.3752805641 
449 27.7426757004 
450 22.3744017324 
451 22.9391418772 
452 26.6358090523 
453 27.161173694 
454 19.8919064545 
455 27.6091966556 
456 26.0411995281 
457 19.9030302451 
458 21.5017772428 
459 21.9302928177 
460 22.4565515795 
461 24.5075885804 
462 20.3305755731 
463 14.8706250302 
464 14.3101877356 
465 16.9016086069 
466 23.1105098936 
467 21.5453618328 
468 28.2703965435 
469 16.0319080192 
470 19.792441723 
471 20.7236822702 
472 23.7713194923 
473 22.1116724329 
474 20.5509508689 
475 22.8251564878 
476 23.5764552998 
477 21.9576149733 
478 22.9060483189 
479 18.1264623815 
480 20.7577353755 
481 25.9347314837 
482 18.8430571453 
483 22.1214679701 
484 25.3521679224 
485 19.5125819931 
486 26.6701735815 
487 20.3473052547 
488 20.1172819483 
489 28.7598087232 
490 21.0769061558 
491 16.742288663 
492 24.9201672826 
493 18.2827979676 
494 12.4564804329 
495 20.9744807169 
496 24.4890345651 
497 23.4085229163 
498 25.6703361658 
499 28.3353826733 
500 21.3374288501 
501 29.486191759 
502 27.2275334142 
503 24.7180618766 
504 19.5700635894 
505 18.8084712969 
506 25.5628236459 
507 22.7440271423 
508 17.0097832776 
509 22.1565587983 
510 23.2464601895 
511 24.10839035 
512 24.5051575003 
513 23.5855485205 
514 19.2856599074 
515 19.2369890694 
516 28.3232007475 
517 21.4775501478 
518 22.9658521209 
519 20.5103283072 
520 13.7588920771 
521 13.8607847225 
522 25.929374913 
523 18.3940684084 
524 24.5045253613 
525 19.1820021739 
526 24.9996549478 
527 24.4613505642 
528 13.1494149576 
529 23.5021202815 
530 26.6623050053 
531 19.3542403284 
532 24.2392847796 
533 24.4910536291 
534 28.3652630699 
535 19.6033655591 
536 24.0208736293 
537 27.8627945534 
538 19.5255010961 
539 21.7033936385 
540 22.4785903813 
541 26.866406265 
542 20.8797353112 
543 22.3074993652 
544 22.3580073556 
545 24.6107497225 
546 28.0031928817 
547 23.438081375 
548 10.797317057 
549 21.895076058 
550 22.4333644195 
551 29.8808294158 
552 21.3417487483 
553 20.3125193521 
554 22.1790058397 
555 23.5227174618 
556 22.5163893027 
557 1.85162630743 
558 25.754086417 
559 24.9572519545 
560 20.1475020092 
561 24.5592543185 
562 21.8961898287 
563 15.9630249068 
564 28.1764566569 
565 24.1638122157 
566 24.4574253244 
567 25.6739034028 
568 20.7987698404 
569 23.4104786125 
570 17.5585317676 
571 16.7531451037 
572 25.6178775695 
573 26.4671182937 
574 26.4339107874 
575 16.9218020754 
576 20.2619659629 
577 25.025737608 
578 20.8054627758 
579 21.9353119189 
580 24.0105061033 
581 26.6631046676 
582 20.361343952 
583 20.4890744514 
584 0.0281949394562 
585 32.2546261147 
586 28.2580110335 
587 14.3711303839 
588 23.5649666941 
589 19.7447861416 
590 22.3892251828 
591 24.5672345492 
592 18.9708087614 
593 21.9091928511 
594 25.9773083515 
595 22.5543921205 
596 21.4008410772 
597 25.6374781768 
598 20.8335412685 
599 20.0823310211 
600 22.8304299746 
601 26.376538965 
602 24.7115940541 
603 31.152184516 
604 24.5555140028 
605 26.6013338531 
606 14.6027154645 
607 23.1929178672 
608 23.1475860402 
609 23.0983384743 
610 27.3397109135 
611 18.8417370918 
612 15.0090747878 
613 21.1870242814 
614 29.8856208465 
615 15.5749620693 
616 22.328065929 
617 22.6812686201 
618 25.8187148723 
619 17.8929817677 
620 19.2002150974 
621 26.5983446119 
622 18.8256926257 
623 24.5592946858 
624 26.6163553052 
625 25.7392261649 
626 24.9612928768 
627 20.6280677554 
628 23.4213618862 
629 25.4925538521 
630 24.4710828795 
631 27.2357101883 
632 11.4272995444 
633 20.3657877838 
634 22.8984481172 
635 24.0486432846 
636 26.9890760063 
637 23.3229349776 
638 23.2755310315 
639 27.3243032937 
640 21.6333279037 
641 22.5003345637 
642 18.400595651 
643 21.1322318271 
644 22.9535604094 
645 28.0026760814 
646 15.4793444772 
647 23.8621116897 
648 24.8448392831 
649 26.3472327302 
650 23.1965835337 
651 24.4390898137 
652 4.90976555997 
653 18.087954223 
654 24.81721791 
655 29.1658064176 
656 19.7222616795 
657 20.3166759646 
658 23.8232066906 
659 25.4579503002 
660 18.4873310941 
661 19.478182468 
662 22.2751389735 
663 22.8411834122 
664 23.3531207991 
665 22.1318445073 
666 20.7610155607 
667 29.4527506454 
668 22.8318382378 
669 22.1206068148 
670 17.2771284897 
671 21.7919257495 
672 -0.908907906691 
673 18.1770253119 
674 23.8613879319 
675 17.13253283 
676 23.3844573655 
677 26.5227898739 
678 17.5283934932 
679 14.1458143296 
680 24.1499216875 
681 24.1377718636 
682 25.8288770573 
683 23.1735708793 
684 18.3531363791 
685 27.8504466796 
686 22.2460982638 
687 24.5186981513 
688 25.2705861196 
689 17.0682427469 
690 25.8802359861 
691 21.9089447354 
692 26.4556409611 
693 17.8829479227 
694 22.0124963073 
695 24.5492342944 
696 20.6013170409 
697 20.9428073787 
698 18.0452118539 
699 26.8472038704 
700 30.0389452378 
701 23.7819499053 
702 23.8498423853 
703 23.0199721273 
704 25.5438572318 
705 23.4282912907 
706 21.4896253097 
707 26.2050492566 
708 21.3519471558 
709 21.9556135642 
710 25.0712849971 
711 25.9156016331 
712 14.8358646285 
713 22.8601444926 
714 23.1949481697 
715 25.2284228664 
716 26.1374469087 
717 16.652597263 
718 20.9150110647 
719 23.8668141653 
720 25.175102745 
721 13.5176486376 
722 14.961911378 
723 21.2837075341 
724 24.2036801226 
725 21.7913746279 
726 24.7987156721 
727 16.9427302756 
728 18.1445341693 
729 24.371027411 
730 24.4056096458 
731 18.283666144 
732 21.9568922903 
733 19.2664916897 
734 23.4591592826 
735 25.0550052391 
736 19.8572798059 
737 21.2547581641 
738 14.9075637043 
739 29.3435786033 
740 24.0221953688 
741 25.7975438618 
742 26.0419570551 
743 25.1935837748 
744 25.2112936186 
745 22.909722392 
746 24.8011849851 
747 22.8995046321 
748 23.5347790115 
749 23.3789837028 
750 17.6300482847 
751 23.4521778273 
752 19.1608099978 
753 26.8925502404 
754 25.5882584596 
755 17.9940562973 
756 22.4196147926 
757 21.3417248604 
758 26.5644994123 
759 27.3830091445 
760 25.4027604272 
761 20.7308225227 
762 19.2580747153 
763 24.3373762274 
764 23.6886432797 
765 24.3402783503 
766 18.7886712804 
767 17.7910719277 
768 25.0914131728 
769 22.7464090751 
770 17.6977469122 
771 18.4746528078 
772 16.5728183017 
773 22.8261968709 
774 25.2049492329 
775 14.7049688308 
776 25.0535880864 
777 27.0939025377 
778 17.1257307228 
779 20.658837814 
780 21.0238524736 
781 19.7389811695 
782 12.6698079619 
783 17.7200394645 
784 18.5830554589 
785 25.2721249713 
786 22.4255605296 
787 26.0117124111 
788 20.9199731336 
789 17.650278152 
790 21.7752310341 
791 20.2948362724 
792 18.7637994549 
793 18.6767976324 
794 24.2978204341 
795 22.6451016983 
796 24.415326466 
797 21.5701678482 
798 26.2175600928 
799 2.94779625504 
800 18.0104015466 
801 21.6453599828 
802 19.4836370939 
803 24.3732289835 
804 27.1517654396 
805 20.2990550421 
806 19.7057880898 
807 20.871748757 
808 22.5817906595 
809 27.0135210907 
810 19.5337553848 
811 13.4160838021 
812 24.109986622 
813 23.0498877368 
814 19.0130405283 
815 25.1297995475 
816 19.8723348341 
817 27.2318743418 
818 25.3144674693 
819 20.6415048061 
820 23.6067036144 
821 23.0626467215 
822 31.5406607975 
823 21.2582520233 
824 25.2386287942 
825 30.7111354264 
826 23.26668854 
827 19.5126390254 
828 33.2984649155 
829 18.8417953056 
830 27.9985056713 
831 21.0945227429 
832 18.1591946507 
833 8.79318465083 
834 20.7061503055 
835 24.8119575793 
836 22.771747512 
837 17.8874359715 
838 18.7296758371 
839 18.9391426966 
840 18.5150727557 
841 25.9456921726 
842 26.3383347197 
843 28.0725359753 
844 26.1672039634 
845 25.753420433 
846 15.9413975433 
847 21.8192721732 
848 23.7590397736 
849 28.8239320205 
850 19.4328623603 
851 22.4627081401 
852 20.2264148702 
853 23.0322493756 
854 -0.88282942084 
855 23.6344899344 
856 23.9619346963 
857 25.1668053455 
858 13.2042746656 
859 24.9034650864 
860 17.6538394321 
861 17.7051436737 
862 22.3391552103 
863 23.0019034397 
864 27.3547775659 
865 24.9588373809 
866 26.0242507884 
867 24.5082292354 
868 24.9233630786 
869 19.8058909692 
870 26.9174905698 
871 18.927850764 
872 24.9564946582 
873 22.7934378754 
874 20.2512808284 
875 17.7530705471 
876 23.8475877683 
877 18.9568626314 
878 21.6328235531 
879 20.7363021193 
880 24.0324929903 
881 32.5994373332 
882 25.0537554364 
883 24.9240898671 
884 24.7271231289 
885 22.5518296863 
886 27.8483794462 
887 18.4371028969 
888 22.0253709419 
889 21.2195023109 
890 21.2301812786 
891 30.4105573758 
892 22.1438332411 
893 23.0755109621 
894 21.1931880212 
895 34.5231857934 
896 24.4288241749 
897 25.9597137384 
898 16.6360888062 
899 27.0265181797 
900 24.0236358435 
901 19.6631135322 
902 23.1182813828 
903 21.8833632886 
904 25.4441743965 
905 18.257339838 
906 23.3812637611 
907 15.9773915527 
908 23.7283446947 
909 22.1943174291 
910 27.8169788002 
911 20.9271769138 
912 22.0002053082 
913 21.2872062512 
914 27.7504900696 
915 22.1345738937 
916 20.3750014642 
917 18.5674680352 
918 21.7807007546 
919 21.7472676695 
920 23.5867181618 
921 17.2893298082 
922 25.1278162248 
923 26.1968117743 
924 22.1986004837 
925 24.9018359059 
926 22.3608134185 
927 19.9159520042 
928 23.8156406701 
929 12.0532002104 
930 26.356742279 
931 21.1194285809 
932 21.3076116593 
933 18.1643818458 
934 21.2736366739 
935 37.1647314286 
936 20.5609771463 
937 21.9074392311 
938 24.7101864453 
939 24.8468512585 
940 23.4904202694 
941 21.3491153023 
942 21.7466375924 
943 17.4187766913 
944 26.4756763636 
945 22.287297184 
946 22.1620262333 
947 26.9549028884 
948 21.2057166692 
949 31.4966680693 
950 26.8971170571 
951 18.377311336 
952 20.2597499572 
953 20.0157715267 
954 27.9143012728 
955 22.7017683911 
956 23.485396651 
957 26.6196904359 
958 24.153143369 
959 22.6609620464 
960 19.8179467137 
961 20.5004022829 
962 25.3411884731 
963 23.1695402342 
964 17.1352922814 
965 28.1685256861 
966 17.1479592951 
967 30.4334382354 
968 17.7531924871 
969 21.5929696812 
970 33.9512936296 
971 24.0839799297 
972 22.6759370303 
973 18.8753418439 
974 20.1439894672 
975 25.8960172306 
976 22.3067578535 
977 25.9173812622 
978 20.566568579 
979 19.8429122428 
980 19.2765928907 
981 26.9329928199 
982 21.9546271975 
983 20.9649876391 
984 14.6216597957 
985 24.6348082653 
986 23.3166023572 
987 12.3650737829 
988 24.254012049 
989 20.4638334844 
990 24.8300268581 
991 19.1353003574 
992 24.4148718644 
993 22.2906190994 
994 15.9488729036 
995 17.5195280453 
996 22.8086472102 
997 19.086163966 
998 25.3361349204 
999 13.8289608801 
