63 4
939 4
647 4
461 4
930 5
595 3
569 4
485 3
835 4
459 3
742 5
126 3
533 5
94 3
814 3
259 3
938 5
960 3
730 4
940 4
165 4
119 2
867 4
836 4
307 4
725 3
312 4
542 3
175 5
470 3
12 4
956 4
347 5
517 3
924 4
176 2
266 3
911 3
345 5
239 4
937 4
249 2
81 4
983 3
151 3
428 3
739 5
26 3
224 3
892 3
217 4
393 4
91 3
118 2
248 6
148 3
392 4
995 3
241 6
75 5
697 3
633 4
154 4
580 4
634 3
361 4
240 5
801 3
451 4
310 3
380 3
973 2
621 5
596 3
953 3
679 2
873 4
486 5
845 5
149 3
125 3
966 3
231 4
41 4
704 5
414 3
157 4
316 3
823 4
293 3
747 3
734 3
637 4
19 3
136 5
330 3
662 4
243 4
382 5
177 3
915 3
850 2
927 3
578 3
648 4
848 4
484 5
318 3
150 2
287 5
134 2
221 4
7 2
503 5
522 5
401 3
71 4
283 3
644 4
292 4
181 4
413 4
601 5
57 4
540 4
885 3
818 4
735 5
982 4
738 2
936 3
690 5
841 5
303 2
137 3
857 4
796 4
268 3
988 4
908 4
152 5
769 4
758 5
599 3
195 6
336 4
996 4
138 4
410 3
107 4
98 4
491 2
675 2
472 4
568 3
172 4
945 3
536 4
418 4
476 5
475 4
974 4
771 3
713 4
13 4
72 5
772 2
541 5
145 3
692 5
184 4
40 4
959 4
553 3
365 3
729 4
766 3
96 2
300 4
429 4
188 4
600 4
984 2
371 2
547 4
400 3
978 3
513 5
203 4
399 4
879 3
759 5
168 2
686 3
254 4
65 2
446 4
111 2
709 4
561 4
567 4
86 3
863 4
844 4
329 5
281 4
914 5
204 3
890 4
722 2
764 4
389 4
339 5
691 3
210 2
356 4
326 2
135 3
140 3
550 4
977 5
884 4
710 5
761 3
251 4
903 3
37 4
394 3
454 3
896 5
87 4
297 4
770 3
67 5
943 2
132 5
629 5
9 3
201 2
780 3
805 3
702 4
323 4
638 4
444 4
363 3
615 1
861 2
18 5
626 5
29 5
390 3
209 4
285 3
198 2
263 5
173 3
765 4
352 3
641 4
436 4
743 4
912 4
668 4
986 4
587 2
639 5
576 2
753 5
954 5
313 3
878 3
193 5
767 3
265 2
698 3
282 2
932 4
343 2
144 3
190 2
619 3
957 5
868 4
1 6
294 4
509 3
807 3
925 4
623 4
328 3
519 3
677 5
643 3
991 3
124 2
8 4
653 3
90 5
128 4
663 3
902 4
48 3
362 3
440 2
913 4
142 4
980 3
655 5
462 3
594 5
405 4
669 4
976 3
514 2
309 4
30 5
616 4
100 3
93 3
368 4
208 3
252 1
549 4
275 3
554 4
277 2
391 5
933 2
278 4
147 4
153 4
666 3
820 4
112 3
948 3
45 3
507 4
183 4
273 4
105 4
388 4
426 4
54 5
687 4
573 5
16 4
220 3
448 3
457 3
216 4
79 6
364 5
449 5
424 3
834 3
478 3
642 3
375 3
874 4
512 4
143 3
946 3
340 5
706 4
654 4
376 4
543 3
260 5
496 4
981 5
724 4
167 2
740 4
843 5
696 3
404 3
406 3
755 3
467 3
439 4
558 5
435 3
33 2
234 3
102 2
319 5
880 4
608 4
701 5
579 3
3 4
839 3
910 5
776 4
338 3
813 3
43 4
402 3
331 5
749 3
651 5
15 3
438 4
22 3
28 2
972 4
591 4
463 1
779 3
70 3
296 4
398 3
678 2
207 5
158 5
34 5
372 3
712 2
256 3
871 2
469 2
493 3
381 4
412 5
351 3
757 3
17 2
716 4
290 3
748 4
191 3
605 4
842 5
859 4
544 4
117 5
676 4
862 4
395 4
588 4
506 4
551 5
306 6
458 3
562 4
886 5
821 3
564 5
741 5
189 4
443 3
965 5
646 2
334 5
731 2
186 3
901 3
276 4
798 5
228 4
521 2
301 1
575 2
829 3
786 4
733 3
636 5
856 4
524 4
6 4
581 5
255 3
219 5
373 2
35 5
120 3
597 5
887 3
261 4
919 3
409 3
66 4
752 3
804 5
161 3
971 4
482 2
812 4
720 4
717 2
452 5
218 3
656 3
397 5
131 4
992 4
532 4
82 4
315 3
590 3
589 3
236 5
795 4
942 3
433 5
295 4
355 4
5 2
847 3
76 4
123 5
539 3
421 3
415 3
24 4
52 4
370 4
73 3
994 2
631 5
773 4
784 3
808 4
129 3
683 4
116 4
508 2
531 3
559 4
460 3
250 4
471 4
570 2
689 3
511 4
875 2
197 4
889 4
708 4
437 5
560 3
635 4
523 2
816 3
964 3
39 6
267 5
602 5
50 5
434 3
693 3
793 2
164 6
222 4
985 5
898 2
917 2
783 2
883 5
583 3
387 3
618 5
441 4
617 4
998 5
194 3
411 3
302 2
423 4
592 3
860 3
139 5
949 6
499 5
975 4
205 3
121 2
967 5
826 4
78 4
714 4
630 4
497 4
763 4
385 4
853 3
64 4
384 5
703 4
166 5
612 2
502 5
179 4
682 5
751 3
610 4
768 4
694 4
159 3
74 2
156 4
546 5
830 5
926 4
169 3
545 4
223 3
849 5
162 3
21 2
537 5
556 4
358 3
85 4
855 5
684 3
670 3
314 4
185 5
872 4
213 5
20 2
688 4
794 4
606 2
680 4
473 4
146 5
291 2
109 5
941 3
226 4
620 3
10 4
379 5
187 4
744 5
603 5
225 5
348 5
53 3
101 2
819 3
837 3
719 4
774 4
274 5
671 4
828 6
640 4
718 3
498 4
658 5
200 4
62 5
374 2
732 4
59 2
432 4
408 3
990 4
989 3
555 4
422 2
968 3
782 2
866 5
607 4
952 3
574 5
23 5
60 5
106 6
450 4
242 3
280 3
279 3
650 4
311 3
80 3
846 3
0 3
728 2
699 4
614 5
442 2
934 3
760 4
505 3
367 3
155 3
899 5
369 3
993 4
877 3
906 4
180 3
916 3
464 2
504 3
229 4
212 2
246 6
235 4
227 2
951 3
11 4
490 3
969 3
571 2
215 2
354 3
115 5
99 4
756 4
335 4
790 3
56 2
822 6
987 2
809 4
199 4
999 2
332 5
114 3
825 6
516 5
353 3
907 2
526 4
645 5
762 3
838 3
171 4
341 4
552 3
745 4
192 3
737 3
327 3
396 2
810 3
585 6
627 3
196 4
781 2
95 3
534 5
419 4
453 5
727 2
904 5
851 4
337 3
474 3
726 4
876 4
674 4
333 3
997 3
89 4
253 4
350 4
202 2
417 4
928 4
659 4
572 4
750 3
865 4
922 5
420 3
681 4
305 5
905 3
869 3
685 5
824 4
923 4
962 4
97 4
182 4
308 3
270 3
827 3
262 4
113 4
2 6
970 5
4 4
483 4
325 3
707 4
501 5
258 3
425 4
909 3
14 5
61 4
163 5
431 4
723 3
661 3
344 4
530 4
244 3
788 3
604 5
25 5
802 3
264 4
649 4
27 0
47 5
317 3
840 3
515 3
69 4
55 3
31 3
897 4
178 3
32 4
377 5
800 3
775 3
403 4
888 3
36 3
754 4
38 4
289 4
518 4
104 5
42 4
44 4
831 3
46 4
49 2
321 3
673 3
918 4
746 4
803 4
778 3
480 3
58 3
777 5
664 4
510 4
950 5
133 3
582 3
92 3
68 3
214 3
122 5
593 4
566 4
77 3
797 4
416 5
83 5
84 4
961 4
628 4
88 3
931 3
893 4
944 4
456 4
736 3
806 3
489 5
565 4
233 3
881 5
700 5
103 2
979 3
108 4
110 4
427 4
789 3
342 5
346 2
257 3
577 4
466 4
127 3
527 4
130 2
237 3
598 4
935 7
525 3
895 6
298 4
324 3
625 4
817 4
947 5
900 4
624 5
160 4
538 4
481 4
288 3
622 3
465 3
170 3
174 2
852 3
963 4
51 6
894 4
611 3
787 4
891 5
271 3
657 3
359 5
206 4
667 5
665 4
488 3
211 2
247 6
492 4
378 5
705 3
920 4
230 4
232 3
882 4
815 4
791 3
238 5
958 4
245 4
272 3
548 2
430 4
833 2
445 3
284 3
269 3
322 4
386 3
383 4
609 3
613 3
299 5
660 3
858 2
286 3
455 5
407 3
477 4
447 4
811 1
468 5
357 2
320 3
304 0
500 3
586 4
349 0
832 4
864 4
360 3
366 4
711 4
479 3
141 5
921 3
785 4
955 4
792 3
695 4
715 4
529 4
563 2
487 4
494 2
535 3
495 3
870 4
520 2
528 2
557 0
584 0
632 2
652 0
672 0
721 3
799 0
929 2
854 0
