0 43.3840786997 
1 12.6560307908 
2 29.7335145096 
3 37.4184950974 
4 11.7625430633 
5 11.1040123355 
6 32.3080161608 
7 21.916661953 
8 33.4454894178 
9 24.1968842248 
10 25.4006890935 
11 21.9250684989 
12 19.9495567223 
13 24.1541754578 
14 21.3750386756 
15 28.6780816608 
16 20.6217312929 
17 19.6661098459 
18 11.9972784887 
19 23.6898802592 
20 31.6467725846 
21 32.4733408851 
22 32.6504234098 
23 22.2681500497 
24 15.82675401 
25 37.9112568512 
26 6.92898477794 
27 22.5506392074 
28 33.7885153701 
29 29.2709343265 
30 16.5694261977 
31 17.2665903775 
32 16.8456299899 
33 9.23018543059 
34 20.621039747 
35 27.7289605075 
36 24.084814243 
37 15.1160029652 
38 28.1568309679 
39 33.3350343017 
40 0.1411421287 
41 26.2215067645 
42 27.8022297545 
43 16.1721496716 
44 2.03772376401 
45 25.2408714528 
46 0.502044515268 
47 28.9482941117 
48 -1.20301844104 
49 18.8208976352 
50 12.3763878953 
51 18.3380444301 
52 18.4290983666 
53 31.1825701433 
54 27.0440847997 
55 13.8793021883 
56 22.674111513 
57 17.4085509284 
58 17.519506309 
59 2.50818272413 
60 33.1291954555 
61 19.3211159106 
62 26.144992912 
63 17.6647629396 
64 17.8657348301 
65 24.9101402422 
66 23.8536198564 
67 -2.37304762121 
68 18.9360040094 
69 -1.90000410823 
70 33.6505688204 
71 42.188783953 
72 37.7595893128 
73 17.4866070097 
74 35.5296629115 
75 23.2106176255 
76 19.5010928327 
77 26.7334638081 
78 17.8172813459 
79 13.5482432079 
80 22.9090668566 
81 19.7183157236 
82 25.6207584645 
83 20.7145984354 
84 20.6123668143 
85 11.6587112631 
86 26.2389110382 
87 24.9932701227 
88 16.0124136134 
89 39.4204317551 
90 41.7760613437 
91 27.6083531064 
92 18.1546143754 
93 28.539436361 
94 25.7988115683 
95 27.8312044684 
96 23.5696800611 
97 8.85410462823 
98 27.4014450344 
99 24.9921216397 
100 27.2883383413 
101 29.6581243245 
102 18.6399389055 
103 26.653714037 
104 19.4648107842 
105 9.2876082313 
106 -3.80340997183 
107 18.3458910902 
108 21.3380767086 
109 30.0664876031 
110 10.2878016309 
111 21.6490794786 
112 28.9537552584 
113 27.8807395551 
114 23.9610348269 
115 12.5348708261 
116 24.3791618259 
117 19.9165074657 
118 41.7063081399 
119 20.7885121495 
120 38.4798576625 
121 -4.02616177134 
122 31.7822888729 
123 13.7134630757 
124 14.2484610166 
125 8.80426383546 
126 8.10570873529 
127 28.9596967622 
128 20.7659737 
129 30.1275102951 
130 18.5081297319 
131 10.5379108478 
132 -1.91870370153 
133 24.2548427441 
134 8.43211297058 
135 18.0693584879 
136 1.4715591049 
137 15.0487812984 
138 35.1816768472 
139 22.4337312139 
140 -1.64141518443 
141 15.6035707815 
142 15.1455544146 
143 24.038997575 
144 22.1982107727 
145 31.3249882474 
146 27.1796033265 
147 14.764843215 
148 17.606601652 
149 18.0058972907 
150 21.4689513357 
151 40.1725008305 
152 33.0234265327 
153 21.1781263343 
154 15.3696110426 
155 0.0720280264796 
156 14.6092838545 
157 -1.44139492685 
158 36.2195616411 
159 16.5294383054 
160 23.8352192879 
161 42.7390181558 
162 12.6158798329 
163 30.7864496088 
164 20.6298987798 
165 8.29979646267 
166 23.51265351 
167 31.8625498643 
168 35.5711509034 
169 18.2586242737 
170 16.2747858019 
171 27.0212475819 
172 29.7934493527 
173 20.6786884977 
174 23.5641510531 
175 23.0998687881 
176 28.079588412 
177 22.0769487976 
178 24.589485731 
179 36.9330944308 
180 6.22928833806 
181 21.3003381961 
182 11.4976983429 
183 22.7100356052 
184 29.0323627861 
185 24.9960109505 
186 15.8039074173 
187 -1.60238001023 
188 8.75657114213 
189 26.0898685997 
190 0.54480328477 
191 28.9979702755 
192 32.1301389426 
193 0.018102387214 
194 -0.831136485731 
195 17.162640182 
196 22.5173311595 
197 11.6565007785 
198 20.7653414809 
199 14.5752871256 
200 17.824527151 
201 11.4387098532 
202 19.8030866612 
203 18.2807275503 
204 10.753696523 
205 20.8991183259 
206 23.3357015732 
207 15.1978732838 
208 18.1857857489 
209 38.4689945437 
210 26.4375220298 
211 17.5534927654 
212 25.1981289161 
213 0.160710920847 
214 35.232428944 
215 27.322127947 
216 29.3301394526 
217 28.8310927831 
218 40.7408868666 
219 14.5679658493 
220 12.0528536618 
221 13.6765277524 
222 17.1528736406 
223 22.5937778591 
224 12.9627013105 
225 25.3164335141 
226 20.144320857 
227 21.1862975914 
228 27.3904038611 
229 18.2423440123 
230 32.5299391352 
231 9.54151011325 
232 27.9842968531 
233 26.6801190908 
234 23.6501069067 
235 14.2785876724 
236 23.0420578087 
237 20.15262504 
238 11.1265730277 
239 -4.20973959161 
240 25.0203989315 
241 16.1448487733 
242 -0.0389003152428 
243 9.3766658311 
244 20.356033385 
245 20.4246437341 
246 26.2949091916 
247 15.3673037975 
248 17.9353596845 
249 20.816355573 
250 37.6475324812 
251 22.3388375673 
252 31.912950072 
253 15.6480727732 
254 24.6100798482 
255 22.87150175 
256 35.8526272967 
257 20.1496665781 
258 23.8243584992 
259 -0.208646968297 
260 15.784028843 
261 32.6072926648 
262 25.4999287695 
263 37.675972067 
264 26.2850081851 
265 35.301194534 
266 19.9256556373 
267 33.4968551323 
268 17.6423195845 
269 20.586540607 
270 13.2348031398 
271 -4.69058643033 
272 18.2308556794 
273 37.7695216711 
274 31.3075465175 
275 14.2594849613 
276 16.7003863358 
277 12.83181915 
278 14.9655456353 
279 13.535032779 
280 21.0667142387 
281 19.7876554354 
282 25.463559107 
283 5.81473278139 
284 30.563697249 
285 21.1197146725 
286 29.5027617827 
287 9.67868421199 
288 1.36979385756 
289 20.1328408115 
290 3.30288516238 
291 12.741253738 
292 30.4621861645 
293 31.4273280787 
294 31.4366271563 
295 16.4590491872 
296 0.0494776698252 
297 14.5606749137 
298 24.7177496461 
299 17.6265721358 
300 14.4068592347 
301 11.2036478507 
302 17.918465044 
303 18.5581841413 
304 21.9177370532 
305 21.4996205543 
306 21.7749241478 
307 21.7412516435 
308 25.5403189405 
309 25.6738940211 
310 22.515604631 
311 25.9112518592 
312 27.4396396887 
313 23.0822519041 
314 14.1325230274 
315 -2.26476935339 
316 20.5864405493 
317 20.4577221819 
318 26.3207846969 
319 26.1523810909 
320 18.1499990411 
321 28.4258216702 
322 14.9963475349 
323 30.7312774464 
324 14.7090680995 
325 34.8363074624 
326 41.4743047652 
327 1.22265820828 
328 28.4066758098 
329 16.0204474477 
330 35.321382484 
331 39.0410316001 
332 19.9379666198 
333 20.0074163363 
334 12.3955201007 
335 25.8743032655 
336 22.3485364548 
337 34.4223239595 
338 18.5370425083 
339 35.5986290085 
340 19.7437466702 
341 29.3709062381 
342 22.6675538133 
343 2.63857571615 
344 13.4161803278 
345 25.1033419027 
346 7.39454614107 
347 28.8552049415 
348 23.8501606572 
349 19.9665877618 
350 15.0727384544 
351 38.1516182674 
352 25.3315505063 
353 2.12733898998 
354 -0.0479082691553 
355 11.0712401465 
356 10.9474075768 
357 26.652491333 
358 24.2136184421 
359 26.458374173 
360 26.6738527798 
361 34.994111135 
362 21.689299098 
363 44.7233220396 
364 16.2660699779 
365 23.5609575035 
366 27.7135733414 
367 6.33100336551 
368 23.1034885419 
369 11.5760205528 
370 21.8676065894 
371 16.1806514753 
372 16.1296474971 
373 16.4672543242 
374 14.330193614 
375 14.6163937374 
376 27.5983418957 
377 13.2076565248 
378 18.3649095106 
379 0.884548444981 
380 26.7645806049 
381 18.0051296036 
382 38.63102079 
383 18.2388326733 
384 22.0791448701 
385 37.5608284386 
386 14.3876671356 
387 14.4002334439 
388 40.1189354932 
389 19.644471748 
390 -2.4600410504 
391 19.976381233 
392 26.1588835304 
393 13.2768693563 
394 -1.99149437375 
395 19.3246082049 
396 39.2513951394 
397 9.63756583353 
398 21.257648018 
399 20.0225195422 
400 20.0596450231 
401 25.1775382419 
402 11.4984009369 
403 20.9094596798 
404 8.44226711021 
405 -0.910321235554 
406 32.8198244735 
407 12.0094717971 
408 20.4380850626 
409 20.4523059731 
410 -0.664477224381 
411 20.69784999 
412 24.6492950658 
413 31.9630381457 
414 30.1321024507 
415 19.6744743252 
416 23.1822000439 
417 24.2035926162 
418 16.2591630241 
419 14.5347771407 
420 24.4037843373 
421 27.4184565309 
422 19.3823272558 
423 16.3415767007 
424 32.9771117848 
425 26.9832105305 
426 30.8140550791 
427 1.00107299455 
428 19.5707301658 
429 7.60129595776 
430 15.3504133625 
431 12.0399835247 
432 19.9363714507 
433 -1.3164619486 
434 20.3708645102 
435 22.6272816794 
436 11.408829024 
437 34.1026551845 
438 31.4023499219 
439 29.1994917582 
440 25.2562636708 
441 9.5539293984 
442 32.9235072766 
443 19.597343362 
444 27.2906191351 
445 17.2931800494 
446 30.574533983 
447 27.8232995977 
448 25.4827624728 
449 26.9662090406 
450 15.6966016471 
451 21.6036053161 
452 26.0326624701 
453 19.8629170168 
454 22.4413097908 
455 15.4567537535 
456 17.9055516798 
457 28.6216539618 
458 27.9457452723 
459 6.76050985767 
460 22.7875050174 
461 -0.950963734153 
462 17.4234881894 
463 20.6828470874 
464 24.3648150794 
465 19.1557102432 
466 16.5649716742 
467 39.5007366021 
468 20.5938069421 
469 33.7083104547 
470 20.1335796005 
471 29.6789082617 
472 -3.485195089 
473 16.8370203298 
474 15.2978052954 
475 13.2251902766 
476 22.541327494 
477 19.8155123962 
478 14.1450207177 
479 25.677484028 
480 24.3157516148 
481 45.6889790006 
482 39.923498875 
483 44.7776895928 
484 12.9269528685 
485 22.0516691265 
486 25.3192710623 
487 28.6689980248 
488 25.7991067676 
489 36.8995605137 
490 28.632343452 
491 -0.763799083903 
492 22.293158355 
493 23.0350292736 
494 28.2613453287 
495 24.1852105811 
496 14.4106504731 
497 13.8836874161 
498 16.5538414764 
499 11.8298333319 
500 18.817366575 
501 22.2398960881 
502 17.8814985891 
503 7.29890951074 
504 6.194000433 
505 17.9512098446 
506 26.493243934 
507 7.05335110962 
508 24.0123282535 
509 11.7979976173 
510 18.378360917 
511 30.5977203252 
512 12.3941553872 
513 33.5792394771 
514 16.3032284649 
515 16.8731306792 
516 -1.5012489106 
517 22.3740321991 
518 -1.08055516507 
519 23.2038461723 
520 21.1259183337 
521 13.5799291229 
522 18.4573231025 
523 -2.8431718449 
524 25.0572336902 
525 19.3902602754 
526 29.5585779921 
527 18.1735354297 
528 24.9173484098 
529 12.6389668958 
530 15.4626251037 
531 -2.86582036649 
532 27.7126376745 
533 11.2903001919 
534 34.3099845477 
535 20.8586500423 
536 29.6760478487 
537 20.8061923173 
538 25.5509546711 
539 24.0922450067 
540 22.0135377211 
541 22.0931516098 
542 11.3523907503 
543 -4.05158871407 
544 8.23019513481 
545 22.59053828 
546 30.8372747438 
547 20.4460320633 
548 26.5730733921 
549 11.868493265 
550 6.51173372545 
551 11.8569019611 
552 25.7357652136 
553 19.2820541068 
554 22.9241768102 
555 15.9889045715 
556 16.8746117421 
557 25.7999240856 
558 17.5835104189 
559 17.5919441502 
560 19.8361982513 
561 10.6537183591 
562 25.6706394584 
563 31.2601775825 
564 35.5396087006 
565 29.6376944152 
566 18.9260698916 
567 18.7942146669 
568 30.666842264 
569 21.3974000003 
570 9.72445511207 
571 26.0478629996 
572 18.7184711141 
573 22.4579425123 
574 22.391406419 
575 16.0755058279 
576 24.8344973184 
577 17.7669624347 
578 32.2067285602 
579 17.8818184322 
580 19.885245212 
581 30.8269432926 
582 28.9345585626 
583 22.5805350231 
584 33.0916523928 
585 25.049369839 
586 19.9444794754 
587 15.8625530357 
588 -6.34620302122 
589 26.3022709478 
590 19.0325755991 
591 1.71476172227 
592 19.7215476458 
593 29.9687015496 
594 25.6350727502 
595 13.819791913 
596 28.3559356377 
597 37.0079089421 
598 29.4853531537 
599 10.9498764814 
600 8.72229143729 
601 17.2244338294 
602 -6.09115273813 
603 24.2196921635 
604 30.9156654644 
605 11.4483727529 
606 20.7819232932 
607 35.3024028169 
608 22.1367317919 
609 21.7628999282 
610 20.851097763 
611 24.9024379911 
612 28.4464477745 
613 12.2322450745 
614 26.2844119731 
615 27.53929992 
616 26.0405167799 
617 26.6373795593 
618 21.0725402622 
619 24.4603344221 
620 43.1859411345 
621 21.4291372157 
622 28.0933068694 
623 15.9847813421 
624 24.2599599724 
625 19.7192253481 
626 25.2689166822 
627 19.3923869807 
628 18.3097221683 
629 12.7728474801 
630 20.309274001 
631 -0.874855613411 
632 9.69373490945 
633 37.4906632476 
634 -2.60646562669 
635 34.3410457425 
636 20.6622396193 
637 27.0304152243 
638 19.4735874674 
639 21.9827748932 
640 -2.84616507316 
641 23.631827464 
642 15.3555703157 
643 26.0574329127 
644 41.2947282684 
645 38.7602449803 
646 24.0595656169 
647 21.9332641175 
648 25.5506729878 
649 11.3210465249 
650 11.1219612286 
651 39.4878619106 
652 30.0639550513 
653 14.3100079684 
654 7.57275510476 
655 23.8459416236 
656 13.6238639592 
657 21.3101238935 
658 35.1797610001 
659 -1.31176663698 
660 14.6973379276 
661 27.0513983634 
662 26.0788443294 
663 16.5969538634 
664 24.5940217874 
665 26.476279786 
666 29.1537628388 
667 34.5229596299 
668 22.897279798 
669 24.6761606348 
670 27.6618581492 
671 30.2812112576 
672 13.653597226 
673 28.4010848005 
674 14.5105910613 
675 20.8621852147 
676 22.8502425829 
677 26.4039124475 
678 21.3901234928 
679 19.81956524 
680 21.7372027136 
681 -2.06424185356 
682 15.8047799586 
683 37.1933787814 
684 21.7070079659 
685 36.0540358725 
686 33.5239038521 
687 23.048675652 
688 12.9268701286 
689 21.624655872 
690 16.6993427964 
691 28.5642972418 
692 25.9838854139 
693 24.7199437357 
694 31.3079108333 
695 27.7402564968 
696 18.6062652932 
697 27.0658945742 
698 25.0325702471 
699 34.0359799225 
700 37.2080089358 
701 21.714763488 
702 22.6889549797 
703 15.2834019954 
704 38.1422705013 
705 12.5674552764 
706 22.4954703509 
707 33.3380729399 
708 26.6470952691 
709 11.0888975045 
710 17.0237682356 
711 25.2555913669 
712 28.5838783981 
713 19.6704839245 
714 16.4339003904 
715 24.0380331899 
716 21.9629331493 
717 30.1427174832 
718 22.2193233757 
719 28.2157912539 
720 7.25640162042 
721 12.5158258262 
722 23.5913360354 
723 21.0905911037 
724 24.6049675736 
725 16.0306388334 
726 29.076758979 
727 12.4853360149 
728 27.3008904238 
729 43.5367997792 
730 17.7605176655 
731 36.3608149841 
732 28.206836346 
733 39.5219146368 
734 23.4613322375 
735 14.3750807329 
736 16.4063061431 
737 21.5500143539 
738 10.3666644493 
739 16.2778239747 
740 9.36905371781 
741 23.3880587741 
742 17.1578577933 
743 19.2509764684 
744 25.9203696109 
745 22.4507911911 
746 4.87988876929 
747 20.85316453 
748 2.88043159472 
749 18.2126619932 
750 19.0846890418 
751 -1.68130798295 
752 16.1823732716 
753 23.5898930601 
754 14.7286917267 
755 24.6435697147 
756 27.0377222855 
757 14.9274253214 
758 30.8140359921 
759 36.9903506857 
760 12.9854474933 
761 31.5651789671 
762 30.6231364611 
763 31.6701054675 
764 13.2987353032 
765 19.2768020563 
766 20.9319441741 
767 6.48570379523 
768 -3.59324004052 
769 31.015914039 
770 35.4730440556 
771 31.3627669038 
772 3.35532175874 
773 -3.34996471044 
774 33.4815256321 
775 17.38109562 
776 16.4638495035 
777 28.1912725749 
778 24.8204799524 
779 34.5779314669 
780 23.2477204187 
781 22.2874594744 
782 30.851703859 
783 28.3408922506 
784 26.9998995213 
785 23.8194112289 
786 10.3671422193 
787 28.5866784535 
788 -4.54458141874 
789 13.2225416904 
790 19.9538595812 
791 20.4862001675 
792 42.8991052793 
793 17.6846772308 
794 -2.99357729553 
795 15.3638852586 
796 21.3616780648 
797 26.7466433707 
798 9.64479713068 
799 9.0048627243 
800 30.0210712593 
801 20.1984972368 
802 9.50856796187 
803 21.2805017283 
804 28.442261618 
805 20.7975095232 
806 20.9617387328 
807 36.0599108889 
808 14.6416128851 
809 17.0553413909 
810 11.5200258328 
811 18.4629883031 
812 10.4391935405 
813 24.9626798756 
814 23.6199617046 
815 33.0419030298 
816 29.7436787435 
817 16.2485390567 
818 24.6313108458 
819 27.4166537924 
820 29.5207373136 
821 30.6115761286 
822 29.6066159722 
823 24.8213817343 
824 15.1793729959 
825 14.3332205398 
826 37.8069302712 
827 20.941423131 
828 23.5409096547 
829 12.1778210182 
830 21.9885326297 
831 19.8738994552 
832 23.3257889074 
833 11.5183902482 
834 0.573896734839 
835 25.7694607617 
836 38.4595326854 
837 21.0725222847 
838 22.2848120615 
839 25.1766463364 
840 15.2380837297 
841 20.2001465489 
842 27.549111639 
843 26.1310113413 
844 29.5792930691 
845 14.0795972151 
846 27.3041367411 
847 21.4034838029 
848 19.3344757118 
849 27.3677893402 
850 8.00254533042 
851 31.5649667755 
852 29.8232905007 
853 22.6504429785 
854 16.9842737088 
855 25.032820388 
856 39.3225032069 
857 20.7040425092 
858 18.220731218 
859 9.89076518664 
860 24.8275281718 
861 17.8525327605 
862 17.6907342654 
863 31.190972403 
864 38.2291924128 
865 43.314013014 
866 31.1177735746 
867 16.4804977422 
868 39.0171592008 
869 22.5967747472 
870 32.4839899061 
871 21.3288337184 
872 12.773132405 
873 15.3044238494 
874 22.5343683248 
875 31.1305767029 
876 16.7475615658 
877 18.6163032476 
878 28.5973998491 
879 18.3461611493 
880 16.1638159174 
881 37.9695080359 
882 16.246411603 
883 20.0352254763 
884 22.058383751 
885 40.8227921163 
886 -0.439678024707 
887 14.3561664623 
888 23.3246133616 
889 24.1401440875 
890 27.5735973443 
891 18.8939881525 
892 1.81702909884 
893 25.7445780251 
894 31.511195079 
895 28.0015079461 
896 34.2196762792 
897 22.5965905076 
898 22.9583349594 
899 15.6934687532 
900 0.927041490409 
901 17.9742618988 
902 13.1316771203 
903 4.76153222832 
904 25.7075758304 
905 19.0569687358 
906 44.4798652382 
907 33.0506809935 
908 37.7487962036 
909 30.1042064652 
910 20.3541944232 
911 31.6680601273 
912 22.6742890057 
913 34.620268465 
914 21.6898235247 
915 13.9727236527 
916 22.964980904 
917 15.4882997221 
918 18.5498520967 
919 32.863645764 
920 26.853391561 
921 32.1907665858 
922 6.0700703526 
923 40.47309237 
924 29.5700031576 
925 37.8242798275 
926 27.4248056626 
927 35.2050134206 
928 35.1345009172 
929 1.6484610932 
930 22.8306965307 
931 27.0550479883 
932 18.8151062603 
933 19.5686238603 
934 1.14306070114 
935 20.161455285 
936 17.8501652551 
937 20.6244726169 
938 28.2242075679 
939 25.8070742995 
940 31.4136040207 
941 12.0592473462 
942 30.8708534895 
943 23.5413845899 
944 22.6644092798 
945 0.306311966391 
946 11.2906123208 
947 22.36135767 
948 24.6173810545 
949 9.18281955395 
950 30.2233333032 
951 24.879907184 
952 19.5887308523 
953 28.7750728465 
954 12.1069099739 
955 14.2536641867 
956 27.6421798372 
957 31.2505020334 
958 20.0639695599 
959 18.122694446 
960 18.7856401275 
961 20.9490129266 
962 25.9754287805 
963 30.4717979893 
964 15.7398875336 
965 31.8397918807 
966 24.5229943632 
967 25.8869453344 
968 6.60115369287 
969 31.4657659933 
970 34.3664380775 
971 27.4809666263 
972 28.6974264829 
973 22.7339674092 
974 24.6960020907 
975 29.2488898539 
976 14.2103533634 
977 26.711598609 
978 20.6588681069 
979 23.9181863019 
980 22.4844160234 
981 0.194514446404 
982 31.6884573343 
983 42.6826893642 
984 28.8178057715 
985 21.815014199 
986 20.9882158799 
987 25.9471377758 
988 31.2788917278 
989 6.79616140075 
990 22.5937754667 
991 24.4863021555 
992 22.1281531982 
993 16.0243654979 
994 3.04790054411 
995 17.6301724503 
996 24.6171890616 
997 42.4090529853 
998 32.5681154152 
999 35.8086978383 
1000 14.0604104269 
1001 16.1490905044 
1002 20.4366570716 
1003 33.0875687202 
1004 25.5208245757 
1005 15.4166578943 
1006 6.96845599079 
1007 17.2772694541 
1008 22.7615113604 
1009 15.3799642517 
1010 18.6296775571 
1011 25.4402349333 
1012 14.7923342896 
1013 21.2392535935 
1014 18.3169411432 
1015 25.5153998016 
1016 15.9712350655 
1017 17.559645797 
1018 14.3438248533 
1019 26.7888867748 
1020 21.8226346482 
1021 27.2704851289 
1022 13.215140826 
1023 16.4440054637 
1024 37.2486743344 
1025 18.7571558153 
1026 29.7417326741 
1027 34.9622152945 
1028 20.5939078099 
1029 -3.230388621 
1030 25.2660595209 
1031 26.7314089062 
1032 8.71482701911 
1033 15.1366517137 
1034 29.4078397366 
1035 27.6940718658 
1036 22.3429230324 
1037 27.5801189645 
1038 28.8615832056 
1039 15.65077198 
1040 31.8558798404 
1041 22.448128231 
1042 18.9472184924 
1043 23.0792048113 
1044 19.6840801259 
1045 31.8437157641 
1046 25.2829305633 
1047 16.4878307314 
1048 25.5607015204 
1049 18.1979260974 
1050 26.048237574 
1051 39.6898369751 
1052 19.6429701556 
1053 35.2870950399 
1054 28.294001047 
1055 14.011084903 
1056 28.560235614 
1057 15.9534863464 
1058 26.4370790134 
1059 27.2067382243 
1060 21.9489068863 
1061 28.0973242336 
1062 19.6999163435 
1063 15.6629980865 
1064 18.9981862578 
1065 28.9548565907 
1066 19.003746135 
1067 3.67909400355 
1068 34.6041683391 
1069 -4.56786528417 
1070 30.1685150614 
1071 27.2507134435 
1072 19.0385643658 
1073 23.36802749 
1074 -5.15474311156 
1075 27.542796515 
1076 29.7687162219 
1077 17.8660414977 
1078 32.147074741 
1079 -2.14884872031 
1080 27.4095954826 
1081 10.0177584557 
1082 29.521166853 
1083 21.4077123538 
1084 10.2888440274 
1085 30.6127976961 
1086 20.8422075551 
1087 22.4401806849 
1088 16.4222032614 
1089 21.4116966946 
1090 24.2152644847 
1091 16.9554287124 
1092 12.8123313397 
1093 10.5014821188 
1094 23.4433224829 
1095 18.9228117016 
1096 18.0188435869 
1097 -3.98638399143 
1098 32.7852998958 
1099 8.07882506231 
1100 24.6241016378 
1101 24.0381649577 
1102 28.8338970519 
1103 23.6929088247 
1104 30.1331931899 
1105 17.413403387 
1106 22.3735408498 
1107 18.1921547736 
1108 27.692839805 
1109 12.3407136512 
1110 27.2464809716 
1111 34.1823667155 
1112 36.1471829169 
1113 22.554073092 
1114 26.9101646909 
1115 17.4704647386 
1116 4.14359994792 
1117 1.50708778176 
1118 18.6854494439 
1119 12.8505441627 
1120 13.3545981749 
1121 29.5657799928 
1122 16.2445213837 
1123 22.6901223064 
1124 29.3983550168 
1125 22.9146414076 
1126 27.0010274186 
1127 14.5101061938 
1128 14.1771682485 
1129 33.5713192076 
1130 25.881743385 
1131 24.5182627134 
1132 24.7019673622 
1133 29.3032659333 
1134 24.2916466057 
1135 -3.18426060039 
1136 -3.93666762246 
1137 28.8446462459 
1138 28.1829190375 
1139 18.0594372695 
1140 30.476732562 
1141 21.3392176899 
1142 10.4938089874 
1143 21.4722913189 
1144 19.4862499141 
1145 32.3525889019 
1146 27.3039661271 
1147 -2.87532299202 
1148 24.7929214533 
1149 19.5293469771 
1150 17.9004602107 
1151 20.6488849421 
1152 12.7917315852 
1153 18.6311194549 
1154 33.7566600016 
1155 20.6629542116 
1156 13.5402529838 
1157 38.7201271935 
1158 23.1004337587 
1159 32.8019507742 
1160 12.1943931003 
1161 24.3645599655 
1162 15.0676572818 
1163 26.8090635357 
1164 37.1462714875 
1165 27.2117476649 
1166 14.3859105008 
1167 17.4406670433 
1168 30.6681158276 
1169 31.1769336669 
1170 21.3512850994 
1171 22.833225431 
1172 11.2169972569 
1173 13.6530124225 
1174 46.778092511 
1175 21.6089461543 
1176 19.5787834085 
1177 39.0215238111 
1178 11.8154218399 
1179 33.0316456359 
1180 11.9848783082 
1181 30.0005928423 
1182 -4.75813569541 
1183 26.2557200259 
1184 8.11437895865 
1185 -3.00485345087 
1186 39.7667644831 
1187 11.9022416193 
1188 12.7949604253 
1189 21.3985836793 
1190 19.4227316969 
1191 24.7048144541 
1192 24.060471955 
1193 35.089589819 
1194 16.6204490928 
1195 24.5217764508 
1196 13.4080428582 
1197 6.81261785592 
1198 15.6712596701 
1199 14.3881730316 
1200 19.1734749136 
1201 15.9908987448 
1202 29.5788617385 
1203 28.0817359345 
1204 20.0290508749 
1205 38.9828264209 
1206 0.340736152044 
1207 16.2671218584 
1208 11.401657024 
1209 24.6833897392 
1210 30.6815326877 
1211 17.306347468 
1212 21.0662316125 
1213 14.9741667295 
1214 12.2345236295 
1215 19.1505980972 
1216 33.7191258687 
1217 31.3702591421 
1218 23.0493807962 
1219 25.7288465567 
1220 23.9984324052 
1221 20.9781736081 
1222 10.5250037774 
1223 0.645874886493 
1224 11.7893397773 
1225 32.5276399791 
1226 24.4630874641 
1227 28.6246243532 
1228 19.8985448499 
1229 32.7670392558 
1230 15.6395501355 
1231 26.3525103207 
1232 26.2110893369 
1233 18.0727384861 
1234 30.0094237471 
1235 7.75991929122 
1236 17.3934891402 
1237 37.3414607896 
1238 32.790673025 
1239 25.2273811657 
1240 29.99919643 
1241 13.0053165211 
1242 17.3157406298 
1243 -0.609326838481 
1244 24.4092984008 
1245 34.8327620825 
1246 34.6679385977 
1247 34.2981907191 
1248 31.3085536746 
1249 17.652704902 
1250 20.5680843929 
1251 19.8786852036 
1252 22.8054997939 
1253 25.2947582535 
1254 12.5390113775 
1255 18.5090000016 
1256 17.5994436222 
1257 15.9472722789 
1258 22.6558101278 
1259 19.6114647042 
1260 31.8177522272 
1261 20.2598861602 
1262 17.0568704567 
1263 32.3636383269 
1264 11.9820825311 
1265 26.6116511547 
1266 -2.24859822728 
1267 10.2138994003 
1268 20.9157794625 
1269 25.8099766366 
1270 25.1803269478 
1271 40.694891565 
1272 28.7977231114 
1273 35.9197080027 
1274 27.9020658744 
1275 14.114116005 
1276 27.1381088831 
1277 26.8614660741 
1278 19.6638749397 
1279 16.0064782619 
1280 29.7130589963 
1281 31.6686059989 
1282 28.2547967516 
1283 18.3102557921 
1284 32.1895525393 
1285 27.4888692247 
1286 23.9982207639 
1287 16.2495756121 
1288 6.80540751284 
1289 21.387071921 
1290 36.9531221192 
1291 28.7209056993 
1292 12.7552788934 
1293 40.1549466343 
1294 30.5607778182 
1295 26.2153099973 
1296 6.89196518551 
1297 34.9977344038 
1298 35.8226709236 
1299 18.7799237041 
1300 31.3432031561 
1301 19.4281314619 
1302 41.20422925 
1303 24.1940691055 
1304 21.8602873602 
1305 11.2937783169 
1306 13.6028288615 
1307 18.6091118169 
1308 19.4739472322 
1309 28.9836414882 
1310 17.6878165014 
1311 16.8657618037 
1312 21.7857353345 
1313 16.2121482341 
1314 -2.81754125962 
1315 28.5252494443 
1316 28.5456554361 
1317 22.7270446784 
1318 29.1469984576 
1319 -1.22247306156 
1320 13.6972967484 
1321 24.2232485167 
1322 20.5805817199 
1323 -0.957130988925 
1324 20.7098973813 
1325 30.65698175 
1326 16.8885286767 
1327 24.9713162354 
1328 25.5356335923 
1329 17.0190653538 
1330 16.5416356294 
1331 29.5486442898 
1332 25.8594383651 
1333 24.1243021247 
1334 13.6530405908 
1335 28.2419600642 
1336 20.2017584956 
1337 33.811941712 
1338 27.8315498525 
1339 21.2043839815 
1340 21.3383188279 
1341 39.4539576698 
1342 0.20047985877 
1343 25.2266178195 
1344 25.8710463757 
1345 17.5600431196 
1346 0.646523688218 
1347 22.920130604 
1348 23.3453358604 
1349 16.9832237168 
1350 23.3693916157 
1351 20.4910205874 
1352 23.3595126784 
1353 29.9944680394 
1354 17.792019385 
1355 29.4108975887 
1356 16.0339416443 
1357 23.8472174058 
1358 22.1676931176 
1359 31.6813587872 
1360 -1.29169421315 
1361 24.6907000949 
1362 9.92657154962 
1363 26.3876769419 
1364 22.9813995902 
1365 30.3983584314 
1366 15.476636438 
1367 12.4657976026 
1368 27.4945139393 
1369 9.57523348338 
1370 27.9737839567 
1371 7.47810231847 
1372 23.3098725481 
1373 27.0380493685 
1374 10.4320579065 
1375 30.1730342909 
1376 11.7248465581 
1377 15.1005816759 
1378 24.346049286 
1379 25.080598712 
1380 28.5512540492 
1381 25.9259795418 
1382 37.2325473088 
1383 21.6109267693 
1384 27.4358678988 
1385 20.1283604817 
1386 18.5796030717 
1387 23.2187602052 
1388 16.2383489464 
1389 5.82434041912 
1390 22.9735637355 
1391 43.1335121662 
1392 10.3481422485 
1393 33.5204578742 
1394 28.146322092 
1395 27.3376463864 
1396 40.2453446999 
1397 -0.183624953048 
1398 15.4092326314 
1399 37.3477578471 
1400 22.6564550814 
1401 26.1552461715 
1402 9.72343910865 
1403 23.2010148402 
1404 8.63963455117 
1405 8.23059552032 
1406 28.7835539405 
1407 40.0946339496 
1408 14.391140037 
1409 15.8658935918 
1410 21.8322226052 
1411 16.6309614308 
1412 24.8484407401 
1413 14.504102615 
1414 24.0298563576 
1415 13.1146709887 
1416 27.3887566176 
1417 32.4590111028 
1418 20.2718388019 
1419 21.2401142884 
1420 18.1794890079 
1421 13.4089590858 
1422 12.2406837456 
1423 20.6110896519 
1424 20.8695992277 
1425 24.5023134671 
1426 17.2191100994 
1427 29.3095148573 
1428 16.0026685877 
1429 16.2821077146 
1430 13.1489192266 
1431 22.5336138574 
1432 21.3107200034 
1433 27.6875580322 
1434 42.9554284989 
1435 30.8443958125 
1436 8.67311667748 
1437 -1.49405728569 
1438 22.5903607868 
1439 28.7875179255 
1440 17.710782156 
1441 28.5494272557 
1442 6.54264977591 
1443 37.1567361309 
1444 20.5522362611 
1445 33.803031332 
1446 29.6725015239 
1447 22.4591605465 
1448 26.2835935201 
1449 26.556471316 
1450 32.1205652943 
1451 12.6777085533 
1452 18.4200903398 
1453 18.5353842782 
1454 25.7206762018 
1455 36.784887546 
1456 29.895724922 
1457 12.258777698 
1458 23.9502089135 
1459 25.6709989298 
1460 11.5640477989 
1461 22.0360532545 
1462 13.7217287425 
1463 26.1204739375 
1464 25.3073764456 
1465 18.7798989275 
1466 20.1470262652 
1467 25.4639251906 
1468 24.4190455405 
1469 27.8675720474 
1470 3.19838163729 
1471 27.4777593604 
1472 -2.01565118564 
1473 20.9858553339 
1474 38.41455669 
1475 22.5904949031 
1476 33.5250285852 
1477 42.1468654607 
1478 42.2576272392 
1479 21.2265970385 
1480 15.2940903959 
1481 38.7074048184 
1482 19.4425332344 
1483 15.3626014498 
1484 19.3341090772 
1485 22.5156273196 
1486 24.6025229397 
1487 30.945591718 
1488 11.3515001123 
1489 17.9765894745 
1490 22.0441465257 
1491 24.5214099666 
1492 13.3906489599 
1493 28.8909252202 
1494 7.37654837242 
1495 25.1850153667 
1496 23.2338739788 
1497 18.7496952592 
1498 18.6131997674 
1499 24.6460323512 
1500 25.0347547086 
1501 25.2276775534 
1502 31.3522913015 
1503 14.9407809731 
1504 -2.4890258613 
1505 24.8742364031 
1506 20.3668495289 
1507 18.3219321247 
1508 24.0333359757 
1509 28.7519270287 
1510 31.792402507 
1511 34.0417164499 
1512 23.3425824169 
1513 15.7071027508 
1514 26.5397951568 
1515 15.3004738418 
1516 14.6884085486 
1517 16.5905825587 
1518 26.0448302004 
1519 26.2874522507 
1520 36.2467654482 
1521 17.5031428109 
1522 24.3053280209 
1523 -0.303609767868 
1524 38.6966838906 
1525 19.3669855314 
1526 24.013524204 
1527 11.2929903317 
1528 21.7966621388 
1529 24.1028835816 
1530 16.0628906491 
1531 24.0904315704 
1532 29.7066689272 
1533 17.201316999 
1534 26.9798011537 
1535 29.665446738 
1536 11.7894587668 
1537 27.0701800555 
1538 33.5640692246 
1539 31.0997796561 
1540 35.3417183035 
1541 -0.801981045438 
1542 33.4677738829 
1543 33.0023477528 
1544 9.24542435101 
1545 -2.65828688758 
1546 21.6034385407 
1547 -5.03355549514 
1548 11.6683799871 
1549 3.17830140626 
1550 18.0893857353 
1551 21.130411651 
1552 39.5933359007 
1553 27.5085374675 
1554 11.0848111256 
1555 27.1489702767 
1556 20.3068087496 
1557 10.5597973257 
1558 26.8805574106 
1559 12.5810491809 
1560 35.3898991965 
1561 22.7585649186 
1562 22.366665698 
1563 33.2835536182 
1564 24.0628670054 
1565 23.7130160103 
1566 19.2552210068 
1567 38.0176125448 
1568 20.8111306158 
1569 17.6227960076 
1570 16.0267481523 
1571 26.4498391783 
1572 31.4778487776 
1573 14.6910631858 
1574 31.0687344805 
1575 15.2646199469 
1576 17.6308977359 
1577 29.4465725743 
1578 29.5502009858 
1579 -0.423993024193 
1580 22.5587368419 
1581 3.79025839742 
1582 23.8307572883 
1583 32.1461716411 
1584 18.1832736948 
1585 28.1604617065 
1586 29.6303547177 
1587 33.1099242839 
1588 24.0530128394 
1589 -0.310129098564 
1590 38.1176525673 
1591 23.0098629427 
1592 31.7972450326 
1593 33.7041521648 
1594 11.4068823766 
1595 40.083869158 
1596 41.0762984719 
1597 26.0279654304 
1598 25.5440920246 
1599 23.7810997551 
1600 14.85926213 
1601 14.5709928794 
1602 33.0769735275 
1603 25.9043261246 
1604 32.9032763199 
1605 2.28505502456 
1606 13.7382236062 
1607 4.71108410235 
1608 36.7611397683 
1609 32.5724285603 
1610 13.761429776 
1611 18.0012141063 
1612 24.1614120607 
1613 21.6856574142 
1614 17.0164601377 
1615 25.9316547519 
1616 14.9683094994 
1617 31.984574086 
1618 27.9561311463 
1619 29.0946487398 
1620 9.75727725321 
1621 14.0368130994 
1622 37.778117139 
1623 26.1361329427 
1624 38.801626943 
1625 10.7803169747 
1626 37.5936246311 
1627 5.73515256812 
1628 27.0337146479 
1629 6.16547779658 
1630 -2.03052686296 
1631 37.592111406 
1632 18.404976473 
1633 20.9723582282 
1634 -5.68730510287 
1635 16.0377339442 
1636 30.8282699669 
1637 10.6928406491 
1638 14.2652406623 
1639 12.2793601974 
1640 11.1521452905 
1641 4.97154145818 
1642 25.3450349862 
1643 15.1913370431 
1644 23.8562140301 
1645 20.3782172598 
1646 24.6523093144 
1647 29.9148746774 
1648 11.4209517487 
1649 22.605755732 
1650 27.8091245991 
1651 15.1056503414 
1652 -2.34429392595 
1653 23.1307643358 
1654 14.2561801662 
1655 15.4456750963 
1656 19.7025963926 
1657 27.1802504196 
1658 26.1747731049 
1659 13.8930038636 
1660 0.688628924131 
1661 24.0262355824 
1662 17.4729067002 
1663 29.2051587074 
1664 43.3485242293 
1665 19.0461850313 
1666 25.5201511713 
1667 -1.47440961643 
1668 13.282748446 
1669 -2.16046833075 
1670 20.21294568 
1671 28.8651650979 
1672 15.499261372 
1673 23.347059064 
1674 26.2776766684 
1675 37.176387541 
1676 28.5783217131 
1677 13.6094636417 
1678 -2.21995662792 
1679 17.2550944961 
1680 15.9612622733 
1681 -3.27402098916 
1682 38.8202435255 
1683 12.0723119794 
1684 36.4259169457 
1685 23.7830533834 
1686 30.0200710114 
1687 23.6580801944 
1688 26.3290565332 
1689 12.4123781558 
1690 19.3634200255 
1691 16.7209989269 
1692 23.9094576453 
1693 21.055951595 
1694 21.8032590807 
1695 18.4786336631 
1696 29.0784272378 
1697 18.1524189573 
1698 36.1157348681 
1699 39.7201977289 
1700 15.5908856238 
1701 19.4667544618 
1702 24.7552660372 
1703 24.9015287319 
1704 -4.10388561028 
1705 21.9849079971 
1706 19.3789021413 
1707 17.8923945635 
1708 24.2272409409 
1709 20.1841828759 
1710 24.4452373547 
1711 23.1401020395 
1712 36.3048645431 
1713 13.231548512 
1714 32.9766863982 
1715 7.63329706888 
1716 14.6392749499 
1717 16.4441354991 
1718 22.4308010872 
1719 34.2387840813 
1720 17.9433105051 
1721 30.5592277236 
1722 36.9246841835 
1723 21.3054081576 
1724 7.53135567636 
1725 15.3743671101 
1726 25.9738516432 
1727 21.4107849749 
1728 15.2962193526 
1729 12.8398558123 
1730 28.6316363462 
1731 18.17914159 
1732 41.2377378602 
1733 31.2367879072 
1734 23.5821957432 
1735 16.5609942318 
1736 22.8552891175 
1737 23.1283709069 
1738 31.3001115088 
1739 36.4802780835 
1740 24.3534347225 
1741 21.1534722728 
1742 29.7505364645 
1743 29.7011284993 
1744 30.7497949786 
1745 29.001317277 
1746 13.1486628124 
1747 -2.46170127705 
1748 24.8826696898 
1749 -1.9626416913 
1750 0.309911480054 
1751 13.1673084025 
1752 39.9556193017 
1753 41.725720255 
1754 22.7924054669 
1755 22.2263101577 
1756 13.8714521865 
1757 31.3429556789 
1758 12.3508487707 
1759 15.9046401899 
1760 14.5319622313 
1761 5.18085961482 
1762 15.3477091742 
1763 31.1583634151 
1764 29.5444915208 
1765 35.5218344776 
1766 17.9709211339 
1767 17.9808995326 
1768 15.7846163045 
1769 22.4049920661 
1770 25.9710722674 
1771 14.8927705222 
1772 30.237243408 
1773 27.6251443286 
1774 32.3758567911 
1775 21.5090870106 
1776 16.4729857719 
1777 10.0916841462 
1778 26.1488627715 
1779 41.206244804 
1780 24.9441790797 
1781 25.5790722354 
1782 36.3597306919 
1783 35.4850056835 
1784 6.28548950302 
1785 10.7943432148 
1786 23.677700647 
1787 20.2890333693 
1788 19.2971358195 
1789 29.6051214834 
1790 20.5102240073 
1791 1.01145380619 
1792 -2.8418625989 
1793 15.2982989977 
1794 16.6738318884 
1795 24.9227643198 
1796 37.6784845185 
1797 26.7260945318 
1798 37.9133221904 
1799 33.6152010336 
1800 21.6298295936 
1801 19.9015059106 
1802 17.3044826852 
1803 12.9501507374 
1804 18.8160944418 
1805 31.2174945683 
1806 6.45346579719 
1807 10.3497107493 
1808 16.1752426804 
1809 23.5030480768 
1810 18.9084595749 
1811 31.3345303329 
1812 25.6250716856 
1813 21.2241952846 
1814 27.9978993114 
1815 26.2422595334 
1816 20.392816575 
1817 17.8676138015 
1818 33.0351948113 
1819 16.0939820433 
1820 27.4109552612 
1821 17.225052082 
1822 23.628922895 
1823 27.4751850646 
1824 13.8216296439 
1825 28.4446730262 
1826 23.3830602248 
1827 33.4911844001 
1828 39.438235572 
1829 24.9084187987 
1830 -2.39739457499 
1831 15.0091792967 
1832 28.3103743252 
1833 23.9472013869 
1834 22.6284734961 
1835 31.9387418853 
1836 -3.24816196216 
1837 14.8014316676 
1838 43.0045467193 
1839 14.5266785763 
1840 12.6235304912 
1841 16.0338164559 
1842 26.8778686939 
1843 39.0465189194 
1844 44.1531455681 
1845 29.501510964 
1846 32.8216187619 
1847 11.5159241963 
1848 23.3021101288 
1849 20.2280092667 
1850 30.4039511008 
1851 34.2693052564 
1852 27.6700856256 
1853 28.7381390684 
1854 26.1734822569 
1855 18.567540038 
1856 21.9897857624 
1857 20.9321424267 
1858 39.8418763729 
1859 24.2086751009 
1860 23.7958317372 
1861 23.0704686448 
1862 24.4991043517 
1863 21.5780282967 
1864 25.4233256422 
1865 22.6540876266 
1866 15.8851401309 
1867 28.9007467511 
1868 14.5342409912 
1869 -2.8691647794 
1870 9.09672853618 
1871 34.4904729498 
1872 14.0118701269 
1873 20.3880801062 
1874 10.5028815334 
1875 37.6298832521 
1876 25.367803816 
1877 19.1216648453 
1878 11.5032894214 
1879 13.5762403919 
1880 11.1753996681 
1881 36.1406326724 
1882 13.9054018222 
1883 28.6580168788 
1884 16.3068739083 
1885 20.7619261892 
1886 13.5306369006 
1887 -2.15482340978 
1888 24.860224103 
1889 19.5975341185 
1890 1.42410783633 
1891 26.0349970789 
1892 11.5740335397 
1893 20.801740158 
1894 21.4072092188 
1895 -3.50532475323 
1896 33.5965818304 
1897 28.3643744532 
1898 26.7326612423 
1899 11.1798491963 
1900 26.2374870416 
1901 30.7741130418 
1902 22.9780582516 
1903 37.2533466271 
1904 22.291132346 
1905 24.4270462986 
1906 27.5044821642 
1907 8.76414313676 
1908 19.3029704494 
1909 17.5644189352 
1910 38.8170141983 
1911 37.8578382617 
1912 18.2420710731 
1913 26.1918787931 
1914 23.4269669876 
1915 27.1727300846 
1916 19.6988355928 
1917 17.5303124272 
1918 21.0084955432 
1919 25.8931237024 
1920 30.5919017393 
1921 35.9481607789 
1922 19.4078179034 
1923 10.8794105531 
1924 10.6882714884 
1925 11.1110140281 
1926 22.0883193759 
1927 14.6921946337 
1928 36.5017397661 
1929 30.428744453 
1930 19.8461026196 
1931 22.3835499688 
1932 16.2409133699 
1933 32.4149726897 
1934 23.5559881016 
1935 16.9355098867 
1936 27.2113128531 
1937 32.5643372561 
1938 23.9127953047 
1939 35.8292358392 
1940 18.7443656879 
1941 25.5898089957 
1942 12.2779350086 
1943 16.9520050778 
1944 30.7688394705 
1945 14.9247603264 
1946 3.45571321218 
1947 22.1580525675 
1948 20.4015897562 
1949 13.082512939 
1950 25.4835100518 
1951 27.9904155221 
1952 22.0564548793 
1953 18.8101512741 
1954 33.9310139481 
1955 15.5678224785 
1956 24.3644277661 
1957 15.6904479091 
1958 31.0792702151 
1959 11.7960828465 
1960 32.0324541821 
1961 17.7648849545 
1962 -2.34324674082 
1963 24.5058973427 
1964 32.3068256531 
1965 29.0730292431 
1966 14.4067750784 
1967 21.6028466192 
1968 29.7304911032 
1969 25.144391384 
1970 23.8469370544 
1971 22.0935094052 
1972 7.65960718502 
1973 30.8363544664 
1974 27.5203808999 
1975 30.6024372275 
1976 17.0994387883 
1977 10.8149941913 
1978 14.2286526774 
1979 23.9801279372 
1980 28.8589162166 
1981 11.9206579092 
1982 31.0601057092 
1983 27.4461020278 
1984 31.1150862703 
1985 15.1016804777 
1986 20.2465017811 
1987 25.5995081475 
1988 -3.83661017382 
1989 7.66979887619 
1990 30.5239740072 
1991 18.051390342 
1992 11.9497531589 
1993 25.4711136493 
1994 16.0818336231 
1995 32.3466172917 
1996 27.8889794923 
1997 23.919159914 
1998 15.506746032 
1999 -6.65127765912 
2000 27.6223513549 
2001 27.1593823764 
2002 21.0401322178 
2003 -7.23710187674 
2004 40.5291970788 
2005 30.4602785388 
2006 11.0313620307 
2007 19.3956124605 
2008 24.8692402724 
2009 17.4853723388 
2010 22.468203591 
2011 22.8563142558 
2012 20.0724212211 
2013 13.5827712536 
2014 18.6792305494 
2015 12.8342561914 
2016 25.9384621977 
2017 33.2165550349 
2018 30.8562111755 
2019 21.6119430821 
2020 40.6698919715 
2021 25.9360620398 
2022 22.6605072081 
2023 14.5897330875 
2024 28.694474958 
2025 25.3408691322 
2026 34.7531277388 
2027 35.2084821025 
2028 9.05400208662 
2029 41.4410565617 
2030 24.5380504874 
2031 22.697277676 
2032 27.3295779973 
2033 18.9994068669 
2034 26.0389248534 
2035 18.9574817926 
2036 13.2273762184 
2037 38.5189157838 
2038 10.9465816451 
2039 18.1088080586 
2040 15.7668178445 
2041 26.8805327876 
2042 28.708332149 
2043 14.7186410111 
2044 19.9580558116 
2045 -0.954044758876 
2046 26.8608994483 
2047 31.3615388629 
2048 -3.82365419705 
2049 13.0523656196 
2050 29.432049549 
2051 31.915672437 
2052 27.245504618 
2053 -4.19786871192 
2054 18.6460696532 
2055 16.9411810058 
2056 -4.69543039668 
2057 21.8070663168 
2058 22.0998257432 
2059 34.5719823202 
2060 20.4648647121 
2061 21.5561836948 
2062 16.0851193013 
2063 14.0004697969 
2064 15.8318456499 
2065 26.4869395419 
2066 18.3735580952 
2067 30.4865240851 
2068 14.6311142325 
2069 17.8694353076 
2070 22.4820182361 
2071 16.2196225935 
2072 25.074682993 
2073 16.9376347582 
2074 15.6559293364 
2075 22.9471227198 
2076 24.4517890447 
2077 20.8102500314 
2078 31.5894961198 
2079 20.7800603757 
2080 38.6837376006 
2081 25.6510284954 
2082 36.6292273499 
2083 24.3245663879 
2084 19.1298083712 
2085 16.9203607937 
2086 30.2616863701 
2087 20.6370304135 
2088 26.5148603209 
2089 21.6989384198 
2090 22.1700509341 
2091 20.6164820921 
2092 11.5679451296 
2093 21.1492558884 
2094 15.0261646389 
2095 14.9187883863 
2096 12.5049712581 
2097 27.5384035905 
2098 17.1007076855 
2099 16.6141621739 
2100 25.0197905643 
2101 29.619873309 
2102 8.0881457697 
2103 23.5111600521 
2104 15.0955208273 
2105 29.3203615667 
2106 27.6065675497 
2107 25.5404934158 
2108 17.5168261304 
2109 17.5241929186 
2110 25.6261419517 
2111 32.6401035145 
2112 34.2456525285 
2113 21.9760879631 
2114 26.4560350418 
2115 33.9274593453 
2116 30.7971454022 
2117 11.6780941443 
2118 27.5331983292 
2119 27.4723500542 
2120 26.6532910209 
2121 35.0111569458 
2122 20.2669164155 
2123 17.0975590233 
2124 18.3385833363 
2125 23.5445008864 
2126 -2.43009116946 
2127 23.5513461838 
2128 9.80077313793 
2129 18.8843195467 
2130 34.6231598698 
2131 12.1201947323 
2132 21.8525338612 
2133 18.3158183188 
2134 24.6045570352 
2135 19.3445554425 
2136 26.7909312741 
2137 19.1769981978 
2138 14.4036155475 
2139 35.5348104512 
2140 20.3601109716 
2141 -0.632002866405 
2142 9.31186261985 
2143 -0.358912246281 
2144 21.2298735624 
2145 13.8242270713 
2146 16.5657591945 
2147 17.4810347842 
2148 26.9862655735 
2149 15.6998040599 
2150 17.8725380525 
2151 25.3386971234 
2152 26.1858604635 
2153 11.6551202486 
2154 2.88018242372 
2155 27.1999230365 
2156 13.4428658712 
2157 16.9954403775 
2158 29.3819902614 
2159 -0.39611685277 
2160 16.117810317 
2161 23.6729000114 
2162 21.5125252806 
2163 22.6569686265 
2164 18.1428082496 
2165 25.5379898091 
2166 16.445739742 
2167 7.78366459144 
2168 24.9221539318 
2169 15.3834703431 
2170 39.6835310233 
2171 28.0856832118 
2172 31.9195856899 
2173 34.2636493554 
2174 -2.47007868068 
2175 12.4632763575 
2176 37.5138863158 
2177 28.1212034656 
2178 15.5752222647 
2179 29.2744361916 
2180 -2.65391049135 
2181 16.93298655 
2182 15.5840176873 
2183 17.4598373201 
2184 29.2228216587 
2185 17.5203679232 
2186 23.8614360482 
2187 -2.47968763581 
2188 -2.97222698957 
2189 18.8571104281 
2190 25.2331345064 
2191 38.8813972765 
2192 25.9478618468 
2193 21.3806663723 
2194 22.7792116421 
2195 29.9552948495 
2196 6.72661313679 
2197 23.9019932246 
2198 7.39466571553 
2199 29.2247792188 
2200 0.051979998186 
2201 33.1170309597 
2202 22.0556250249 
2203 23.5828698069 
2204 22.2640462531 
2205 24.6280826104 
2206 42.5336669721 
2207 11.2162595002 
2208 28.9988529805 
2209 16.1146880569 
2210 21.020241834 
2211 23.2614342169 
2212 31.3186165318 
2213 46.2233035128 
2214 18.6562691811 
2215 32.7095707833 
2216 1.76506354883 
2217 34.2131206788 
2218 24.3727061077 
2219 20.6350685674 
2220 8.08158630328 
2221 28.7906841112 
2222 24.4242899711 
2223 23.6582542943 
2224 29.4287008949 
2225 -2.75010148934 
2226 -5.29085441092 
2227 30.189528059 
2228 22.3682127831 
2229 8.94159339848 
2230 34.6734704858 
2231 12.4783329019 
2232 20.8235156222 
2233 20.3979080041 
2234 20.965497945 
2235 38.5219437766 
2236 18.361071228 
2237 14.5585531653 
2238 31.8917571044 
2239 24.8985769943 
2240 25.2666745925 
2241 28.3037558649 
2242 21.3202572489 
2243 14.8904751977 
2244 21.3368154421 
2245 0.149532967289 
2246 30.489426946 
2247 23.5001531098 
2248 7.07436557216 
2249 32.8083178059 
2250 12.2457508453 
2251 19.3877477875 
2252 28.5374533504 
2253 15.9041500063 
2254 18.9598190095 
2255 25.6469638524 
2256 25.1846339002 
2257 27.7268220287 
2258 16.5888522867 
2259 18.569658267 
2260 43.2306555731 
2261 26.8977430516 
2262 24.5087968073 
2263 14.9375201094 
2264 31.3623558497 
2265 -0.613275908876 
2266 6.93398951596 
2267 -0.594487349244 
2268 22.4481544944 
2269 32.7058652007 
2270 35.4196402036 
2271 17.5763110532 
2272 27.1739277571 
2273 25.2905765942 
2274 6.50740642382 
2275 19.9898395057 
2276 14.5273138373 
2277 20.7342800533 
2278 31.0477119226 
2279 19.3999361097 
2280 19.59435448 
2281 23.6769196773 
2282 27.8420405935 
2283 24.9957670309 
2284 17.5092356734 
2285 31.7640504374 
2286 19.0323803161 
2287 15.0233720104 
2288 18.3877701352 
2289 22.8194498129 
2290 12.342972675 
2291 -2.84150644341 
2292 22.9367612619 
2293 15.9769307196 
2294 21.9124052857 
2295 32.1569789433 
2296 40.7698378466 
2297 27.0457967551 
2298 12.799133898 
2299 23.7468879723 
2300 17.6688662215 
2301 20.4406331429 
2302 24.607707548 
2303 32.2384778305 
2304 44.4043053537 
2305 15.9712381102 
2306 18.0468040774 
2307 25.0378039391 
2308 16.1058461027 
2309 14.0298938134 
2310 19.3357398149 
2311 19.5500854239 
2312 32.1811022465 
2313 19.8309259832 
2314 32.0567200205 
2315 4.97106493912 
2316 18.9219066392 
2317 31.6212036527 
2318 14.4455730767 
2319 14.3898886954 
2320 -2.61913385605 
2321 17.1814676985 
2322 27.5133992738 
2323 25.2372665486 
2324 15.1221529562 
2325 23.8197822526 
2326 21.5626111317 
2327 18.2990028358 
2328 35.4453284154 
2329 14.1525171041 
2330 24.3989308768 
2331 25.713801825 
2332 23.5128029403 
2333 24.8352422549 
2334 8.99858052151 
2335 17.0213489846 
2336 18.2542760389 
2337 16.5452210855 
2338 33.8475616901 
2339 24.7497657929 
2340 30.6320316359 
2341 22.2192411372 
2342 28.5752918884 
2343 23.9788307766 
2344 12.048362715 
2345 14.448750789 
2346 22.5729231824 
2347 26.5673405294 
2348 23.1430327364 
2349 25.2514660361 
2350 10.6592666667 
2351 26.1058643689 
2352 12.1708406858 
2353 17.1331508433 
2354 28.3508414722 
2355 18.3309659506 
2356 23.0242231615 
2357 17.4253352164 
2358 22.8277347875 
2359 14.8457766807 
2360 28.0396440372 
2361 17.1490096805 
2362 16.5725299465 
2363 36.161144592 
2364 22.0704841488 
2365 38.5240181942 
2366 26.9311849332 
2367 1.33612927785 
2368 24.4786416567 
2369 34.1889881794 
2370 39.0192818155 
2371 38.563674664 
2372 15.5838395726 
2373 31.5866406253 
2374 1.17716856601 
2375 26.9646541723 
2376 14.7203150665 
2377 29.1980296586 
2378 8.68233120289 
2379 20.1583167933 
2380 12.0267906033 
2381 21.9897219173 
2382 41.7678008607 
2383 26.4271953007 
2384 25.8568820182 
2385 21.3586239841 
2386 13.056201715 
2387 -0.128483187577 
2388 25.6515090975 
2389 13.1801688223 
2390 -4.5191214453 
2391 26.5480038973 
2392 21.7109131387 
2393 15.2726604678 
2394 34.1108256654 
2395 24.5898225855 
2396 26.4385488786 
2397 10.312818169 
2398 22.6781435829 
2399 8.43244003586 
2400 15.7455055618 
2401 19.4658027735 
2402 -0.475414743847 
2403 18.3755121282 
2404 28.7400788855 
2405 39.6041412091 
2406 41.3494775907 
2407 27.682636319 
2408 24.5603278211 
2409 30.6014457874 
2410 23.0736492826 
2411 22.0281605127 
2412 23.3591077156 
2413 19.1509189497 
2414 29.3113476261 
2415 26.177394017 
2416 23.0365220909 
2417 14.2611396776 
2418 14.1615097548 
2419 26.1068842904 
2420 33.9165496928 
2421 17.9333284116 
2422 23.3556616745 
2423 20.4741658607 
2424 9.22767306458 
2425 24.8496560756 
2426 27.7112470999 
2427 27.0720777804 
2428 18.8970884219 
2429 -3.27651114027 
2430 21.3618599425 
2431 26.3326436679 
2432 19.1990264881 
2433 14.2422053566 
2434 11.8302559825 
2435 28.4929278899 
2436 32.5171399059 
2437 24.8731836347 
2438 -0.555685991286 
2439 26.6768030135 
2440 13.6226566847 
2441 23.1970277985 
2442 -2.68137623812 
2443 -3.25488781078 
2444 1.5638108948 
2445 13.5757603285 
2446 20.5347804038 
2447 24.3600424648 
2448 31.9665344144 
2449 10.4108531173 
2450 27.0877520179 
2451 40.1097400296 
2452 15.8108667027 
2453 32.6559097955 
2454 30.2651387023 
2455 34.1647164375 
2456 16.2992416125 
2457 24.150298788 
2458 17.2417524147 
2459 22.7022807659 
2460 24.2508239519 
2461 34.0614383382 
2462 19.955385135 
2463 17.7883682202 
2464 21.8218482117 
2465 27.1701716146 
2466 30.4504718084 
2467 5.1113288896 
2468 16.5630023325 
2469 10.4056977491 
2470 18.3171505192 
2471 3.24990705902 
2472 15.423190567 
2473 32.1963136669 
2474 12.9726510443 
2475 38.6671774023 
2476 20.8740333886 
2477 31.8089790525 
2478 15.7993963423 
2479 28.7159514518 
2480 24.8842392262 
2481 27.9075022037 
2482 21.6250794219 
2483 21.7136675087 
2484 25.2117386951 
2485 20.8291961823 
2486 17.5278333811 
2487 19.9141476283 
2488 24.0652277984 
2489 11.208124079 
2490 27.3243190194 
2491 26.7513417363 
2492 23.1232008167 
2493 26.1749346397 
2494 1.20117419073 
2495 22.7372764065 
2496 27.5344249401 
2497 -1.40323383307 
2498 21.6571811468 
2499 28.0740155152 
2500 23.1940400408 
2501 31.3763757919 
2502 26.1896134394 
2503 24.6908129207 
2504 11.2762066616 
2505 27.9215821444 
2506 33.7336677612 
2507 35.9902260941 
2508 23.4027721578 
2509 25.9756048285 
2510 43.9933090005 
2511 15.3746533279 
2512 15.8878363331 
2513 14.3399481147 
2514 30.723571173 
2515 22.1232183658 
2516 16.2248543882 
2517 46.0950053222 
2518 29.1341787084 
2519 11.4720243267 
2520 -1.69586162179 
2521 39.3202764146 
2522 20.7280808249 
2523 16.9222090817 
2524 21.4189209926 
2525 36.4103015126 
2526 20.2586663837 
2527 12.246636071 
2528 15.1879561994 
2529 21.3969874923 
2530 8.07070251015 
2531 16.3718832164 
2532 12.8535387942 
2533 41.4149212621 
2534 27.3498466705 
2535 17.0254170329 
2536 0.825459221785 
2537 7.02106447362 
2538 39.2109490715 
2539 14.9567147752 
2540 32.9378439225 
2541 33.503445773 
2542 21.6069269778 
2543 16.7461575632 
2544 8.64676557495 
2545 12.5329225214 
2546 25.0047444229 
2547 -3.32455507307 
2548 2.42993217408 
2549 19.7050582246 
2550 23.8345062157 
2551 25.267861939 
2552 9.55142126619 
2553 13.0245454466 
2554 8.03475848516 
2555 28.4352319854 
2556 18.7890204812 
2557 42.9906265756 
2558 30.4301585556 
2559 39.8407807841 
2560 19.396960345 
2561 23.2291450503 
2562 19.3587584387 
2563 5.94648273891 
2564 9.19842435233 
2565 29.0476336042 
2566 26.0397487336 
2567 0.529275660541 
2568 21.6725660591 
2569 17.6567079116 
2570 17.4252159928 
2571 9.80886369536 
2572 32.722055245 
2573 23.6492256207 
2574 27.5035331349 
2575 15.455828775 
2576 21.6716999605 
2577 19.4951738341 
2578 24.8321100359 
2579 19.8453350971 
2580 20.2669234468 
2581 7.80835183759 
2582 14.1168047906 
2583 27.0070637755 
2584 19.6474185066 
2585 31.5290178309 
2586 1.85741693062 
2587 33.7151510317 
2588 12.7875775186 
2589 9.26340656825 
2590 22.7604398532 
2591 25.2314742995 
2592 28.3972979976 
2593 24.2806771351 
2594 23.6977343387 
2595 23.8055080063 
2596 18.325108998 
2597 33.8420346808 
2598 24.6229719796 
2599 20.4326472554 
2600 12.6243857776 
2601 -1.55783201135 
2602 29.1123546671 
2603 16.9484429448 
2604 23.6174093105 
2605 -3.08462473348 
2606 28.5687902061 
2607 14.0777888076 
2608 33.9820416068 
2609 27.7092658787 
2610 1.11450067727 
2611 28.6092297007 
2612 14.227629694 
2613 37.0715632155 
2614 19.798586403 
2615 10.3522929295 
2616 19.6642621428 
2617 42.4489229218 
2618 26.4427510658 
2619 11.8510884584 
2620 20.4662952362 
2621 31.1739287059 
2622 24.861953578 
2623 12.9891944008 
2624 -3.01136058243 
2625 33.0649045492 
2626 17.2676216918 
2627 18.0002372662 
2628 24.7171735329 
2629 23.9170182955 
2630 33.0843384846 
2631 19.28315074 
2632 16.8993939413 
2633 10.5405936173 
2634 16.8015432071 
2635 32.5020240833 
2636 20.0742742035 
2637 21.6432653393 
2638 18.4665444785 
2639 35.1224427426 
2640 19.3980502777 
2641 15.3874730137 
2642 22.2303873421 
2643 -1.05832259108 
2644 19.0486673816 
2645 29.3516569982 
2646 27.2179820459 
2647 24.4111475534 
2648 18.1349375915 
2649 22.227809845 
2650 14.1322462055 
2651 22.9853336979 
2652 13.2191958253 
2653 19.4796603302 
2654 37.3740151054 
2655 17.8144490573 
2656 21.0770172488 
2657 18.7266939137 
2658 -1.25835323772 
2659 15.3212823933 
2660 28.9539970746 
2661 30.902172701 
2662 30.090015233 
2663 32.3838576209 
2664 18.8748631626 
2665 15.2172905306 
2666 32.9243952265 
2667 -5.41619177856 
2668 16.5097007247 
2669 29.6522991866 
2670 24.218555789 
2671 10.0042581627 
2672 25.0826396933 
2673 21.9523482739 
2674 22.462249845 
2675 19.9284825907 
2676 22.6388996429 
2677 22.602092349 
2678 -0.952879337129 
2679 13.8516050768 
2680 19.7108038341 
2681 26.7235967247 
2682 18.9073231542 
2683 15.8585447991 
2684 30.6779442566 
2685 23.3809334874 
2686 19.1779881483 
2687 11.8422366957 
2688 10.9453968884 
2689 17.3801645514 
2690 33.3820868165 
2691 17.5344910921 
2692 27.8546060226 
2693 44.3320198664 
2694 17.8856391403 
2695 36.768281822 
2696 19.4389267931 
2697 30.1778622182 
2698 33.4256178733 
2699 25.5099445628 
2700 10.746782638 
2701 37.0040566055 
2702 -0.517145573798 
2703 26.0557485994 
2704 13.3774267078 
2705 40.5620233578 
2706 18.7748570998 
2707 1.06431461309 
2708 -3.11070298145 
2709 21.9425541414 
2710 20.5037324822 
2711 7.85076309014 
2712 22.1084374271 
2713 18.9383754855 
2714 27.7807215054 
2715 20.2839840422 
2716 34.0935793109 
2717 32.9649465058 
2718 20.0482125816 
2719 25.0396755225 
2720 31.6203653266 
2721 22.6650216473 
2722 24.8808152242 
2723 22.4932777871 
2724 29.3203551616 
2725 15.0179724364 
2726 21.9118430548 
2727 7.98498295504 
2728 26.9250306761 
2729 18.3782327292 
2730 11.3594189016 
2731 12.0789264162 
2732 29.3884039791 
2733 25.1106602904 
2734 17.1017307082 
2735 31.2560024816 
2736 -0.528845587017 
2737 30.5145101164 
2738 18.8432958091 
2739 10.8754039226 
2740 34.0918133279 
2741 32.1551707897 
2742 25.4302304572 
2743 39.9433313956 
2744 13.3160067524 
2745 -2.9710880408 
2746 16.3749965883 
2747 17.8106458902 
2748 40.6988184076 
2749 22.0701004748 
2750 23.736923756 
2751 24.3883184666 
2752 10.9118186993 
2753 19.2261228199 
2754 29.9857811224 
2755 39.3257824456 
2756 20.8814600543 
2757 16.3288984432 
2758 31.5122163151 
2759 22.4932951166 
2760 17.9735515276 
2761 24.008816261 
2762 22.614055958 
2763 32.3202171858 
2764 20.5808115291 
2765 22.3955283699 
2766 26.1928307158 
2767 22.2451103061 
2768 26.7510084202 
2769 16.5555538546 
2770 29.0516902003 
2771 25.2716678749 
2772 22.6668569018 
2773 32.6929629661 
2774 9.70922152684 
2775 21.7355950003 
2776 30.7179126511 
2777 23.9214826944 
2778 14.6946049829 
2779 29.8641464898 
2780 25.4920837169 
2781 26.4185094457 
2782 19.9393480526 
2783 25.6323868105 
2784 18.4347411651 
2785 25.4649358039 
2786 25.04981214 
2787 16.3439430399 
2788 23.9847165307 
2789 23.9340225464 
2790 18.3472834629 
2791 20.3083822101 
2792 15.8703537256 
2793 -3.76203673878 
2794 24.1335691097 
2795 11.6994188866 
2796 25.2325021348 
2797 11.6920096693 
2798 14.2917289142 
2799 30.3039399934 
2800 34.5826335251 
2801 25.7750799165 
2802 23.4701283579 
2803 30.6731809874 
2804 25.9263079212 
2805 27.0772258851 
2806 25.579985914 
2807 22.2712808023 
2808 23.8354112065 
2809 16.9955177481 
2810 19.962068704 
2811 29.3844506821 
2812 15.3959252116 
2813 20.820388477 
2814 24.5572305391 
2815 21.6766721909 
2816 19.0614531795 
2817 28.4117221138 
2818 18.9693927949 
2819 21.6888551326 
2820 -3.59838541131 
2821 16.4268598424 
2822 10.434926835 
2823 15.0830464472 
2824 24.3560326452 
2825 20.6145305222 
2826 39.0330775153 
2827 18.0949411937 
2828 13.9252200918 
2829 29.2683965487 
2830 16.3569864574 
2831 -2.42674403588 
2832 22.9311528679 
2833 22.6879504534 
2834 18.0721796296 
2835 25.3906186773 
2836 23.1951835197 
2837 29.0824181997 
2838 29.2896044162 
2839 18.3129503183 
2840 24.9802136465 
2841 24.9535577657 
2842 36.1563069195 
2843 24.6205477642 
2844 24.5727157437 
2845 19.4174569242 
2846 14.9605857933 
2847 43.3508905262 
2848 24.949124976 
2849 30.6494075799 
2850 29.2011306912 
2851 28.0281125073 
2852 13.0481203877 
2853 11.8926483551 
2854 9.46682315325 
2855 27.5028837643 
2856 3.46994852062 
2857 28.5783629083 
2858 4.70625725152 
2859 21.4208325386 
2860 14.3260387597 
2861 24.0612902009 
2862 13.9977372209 
2863 26.1623671187 
2864 27.8558388164 
2865 11.6993368498 
2866 21.8234847128 
2867 21.4722705648 
2868 27.9731151019 
2869 8.87411718437 
2870 40.68278943 
2871 6.01000081419 
2872 1.58050670315 
2873 38.4828879577 
2874 16.2070030501 
2875 26.9105896269 
2876 6.15275542281 
2877 20.9793264957 
2878 16.1774941442 
2879 30.4154841675 
2880 19.7619040565 
2881 29.7466542444 
2882 24.6980689581 
2883 17.265696434 
2884 8.76822396054 
2885 22.1141671764 
2886 29.1783769392 
2887 28.0039181699 
2888 28.6983898387 
2889 17.7722799806 
2890 -0.118958344496 
2891 7.14862673343 
2892 14.401821419 
2893 21.6245016708 
2894 23.333988941 
2895 13.6444457595 
2896 23.8825454783 
2897 19.9846405826 
2898 13.452082661 
2899 13.9125126728 
2900 26.1400223489 
2901 14.9918254977 
2902 -1.46326005694 
2903 25.8828181897 
2904 26.3482875635 
2905 36.2739831276 
2906 2.80058061819 
2907 17.1673614081 
2908 7.78233607216 
2909 -0.691865742718 
2910 21.7160399794 
2911 27.0479330279 
2912 12.82876824 
2913 1.77873442045 
2914 24.1840864569 
2915 -2.72410818059 
2916 19.7857095096 
2917 11.9557203181 
2918 34.4261028877 
2919 22.1519028274 
2920 21.7842518301 
2921 -4.38240181641 
2922 18.4860257812 
2923 18.5356426275 
2924 14.7134044692 
2925 -1.24624479732 
2926 28.1719662598 
2927 34.4354830351 
2928 29.071646899 
2929 28.9319072724 
2930 24.6575228899 
2931 8.58683251611 
2932 17.7802654134 
2933 34.0761382468 
2934 44.4805881888 
2935 29.5187205539 
2936 21.9176886714 
2937 22.1846372797 
2938 16.3820393709 
2939 21.4399674922 
2940 17.4782862555 
2941 42.107826372 
2942 10.7250514306 
2943 30.9788750738 
2944 20.2138171317 
2945 13.8788579956 
2946 20.9131428262 
2947 24.0005200453 
2948 16.9064790014 
2949 21.0990950916 
2950 20.4250998477 
2951 33.4709377217 
2952 12.8889771106 
2953 28.7638064539 
2954 29.7080048223 
2955 25.1492901435 
2956 -0.753113284516 
2957 29.0419345157 
2958 20.9394122842 
2959 0.279236775046 
2960 22.6628467923 
2961 32.2077534365 
2962 22.5961831871 
2963 18.4452396757 
2964 26.2287597542 
2965 21.2457305627 
2966 24.3999733133 
2967 32.7757717614 
2968 26.3923795554 
2969 32.0467917602 
2970 28.3753876817 
2971 28.952909 
2972 22.7783787097 
2973 31.2282097163 
2974 12.2036153839 
2975 10.3431911296 
2976 39.0176735867 
2977 23.1800757153 
2978 18.5254013987 
2979 31.7299316149 
2980 33.1343615796 
2981 14.2645963935 
2982 15.1681394759 
2983 12.3254878901 
2984 17.3657707305 
2985 28.6637312214 
2986 3.81092637061 
2987 22.2559532632 
2988 21.7198161858 
2989 2.14232013415 
2990 14.4436838409 
2991 28.3126491894 
2992 14.0795006254 
2993 17.9504553201 
2994 14.8614011003 
2995 13.8164929011 
2996 23.4402064679 
2997 35.2558211424 
2998 21.6593244804 
2999 18.3030176029 
