403 6
147 4
278 5
324 4
350 4
196 4
439 6
39 5
312 4
436 5
346 5
117 4
130 4
476 3
284 5
80 3
18 3
199 5
102 6
47 5
166 4
325 3
114 5
374 4
235 5
489 5
369 5
149 5
404 5
327 4
40 6
390 5
59 4
247 4
329 4
186 4
16 4
38 5
143 4
301 6
19 5
51 5
238 4
316 5
221 3
70 6
44 4
282 3
280 4
161 5
440 3
491 4
122 3
311 4
432 5
354 4
259 5
429 5
433 5
356 6
438 4
137 5
153 4
387 5
398 4
359 3
323 4
7 5
134 3
249 6
230 4
351 4
73 5
11 5
182 5
345 5
81 4
29 4
295 3
204 6
113 4
227 4
395 5
176 5
42 4
394 4
202 5
109 4
370 3
8 3
461 4
318 4
281 5
371 4
481 3
268 5
392 5
376 6
393 6
85 3
206 4
198 3
365 4
290 5
222 4
49 5
194 5
140 5
446 5
17 4
331 5
380 4
474 6
454 7
437 4
386 6
471 5
407 4
110 3
99 6
349 6
24 5
1 6
455 4
41 4
115 4
488 4
334 3
237 5
385 3
368 5
496 5
296 6
179 5
214 4
485 5
372 5
426 6
22 5
189 4
315 5
69 6
341 4
431 5
482 4
321 4
54 5
229 3
252 6
236 4
477 4
456 4
91 5
128 5
419 4
68 2
254 6
96 5
441 4
265 4
188 4
50 6
136 6
263 5
131 4
116 3
31 6
391 4
223 5
78 4
164 4
264 3
183 4
465 4
5 3
209 5
293 5
106 6
45 4
84 4
468 2
174 4
9 6
442 4
154 6
333 3
355 6
352 4
23 4
305 5
457 4
467 6
366 5
384 5
294 5
101 5
408 4
28 4
87 6
447 3
397 3
180 4
269 5
107 3
86 4
342 6
248 5
195 4
478 5
460 3
273 5
479 6
125 4
10 5
20 4
459 4
344 5
336 7
145 4
494 3
172 6
270 3
308 5
37 4
428 4
231 4
218 4
444 5
410 4
335 6
330 2
337 5
13 5
121 4
497 4
357 6
256 3
267 3
132 5
210 5
52 4
420 5
310 4
487 4
62 5
93 4
383 6
262 4
216 4
148 5
170 5
129 4
275 5
92 5
241 5
26 4
207 6
157 6
402 3
274 4
484 6
378 3
283 5
470 3
203 3
55 4
215 5
445 4
89 5
399 3
239 5
14 4
453 5
271 3
242 5
261 3
363 6
111 4
25 6
244 6
228 4
493 4
35 4
430 3
286 4
373 5
314 5
332 4
382 5
409 5
483 6
150 4
473 4
260 5
396 4
90 5
94 5
211 6
486 5
224 5
112 3
499 5
234 5
414 4
167 3
79 4
61 3
303 4
233 6
389 4
375 4
418 6
104 5
162 5
30 5
416 5
65 4
33 5
74 4
190 5
124 4
450 4
320 6
127 4
43 4
21 4
381 5
367 1
498 6
452 5
246 5
173 6
146 4
400 4
213 4
158 5
97 5
347 3
240 5
27 6
251 6
299 4
200 7
139 6
361 3
171 3
82 6
300 5
187 5
412 5
53 6
88 6
232 5
448 4
156 4
362 5
322 3
32 4
191 6
358 6
151 4
178 3
201 5
36 5
413 4
458 2
250 4
77 6
133 4
451 2
339 5
165 5
66 3
123 4
103 2
288 4
46 5
60 5
169 5
492 5
0 4
2 6
3 4
255 6
4 4
353 5
326 7
472 5
67 5
6 5
64 6
490 5
217 6
118 4
12 5
425 5
285 5
15 3
307 5
225 5
401 6
75 5
434 2
266 5
427 6
313 5
126 4
364 4
120 5
245 7
253 5
197 5
495 6
306 5
340 6
319 5
34 4
160 5
443 5
435 4
297 5
415 6
220 5
302 5
405 5
100 4
76 4
152 8
328 2
406 5
48 4
219 6
56 3
155 4
57 5
83 6
58 2
287 6
63 4
181 4
292 4
388 6
343 6
71 0
72 3
272 4
466 5
424 3
95 5
462 7
98 0
317 6
141 5
105 4
338 5
276 6
142 4
208 4
205 6
212 5
279 5
119 0
463 7
159 5
135 3
175 4
108 7
144 3
177 4
449 6
192 2
417 6
163 5
168 5
480 6
289 5
185 4
291 5
193 5
464 3
304 5
226 4
243 4
258 3
469 7
377 5
257 3
348 4
277 3
360 6
298 4
309 3
379 3
421 5
411 0
423 2
184 5
422 0
138 5
475 0
