0 16.5644197664 
1 26.0562148788 
2 21.4333138679 
3 24.0499890031 
4 19.054223746 
5 24.2671420125 
6 25.9371985382 
7 21.0231109833 
8 30.6315362282 
9 25.8756111823 
10 32.7291697196 
11 35.9658546298 
12 31.1734918459 
13 18.3996099833 
14 27.0142542643 
15 15.8083037371 
16 29.2622579898 
17 19.7856007725 
18 23.6390110445 
19 27.9559881465 
20 21.0747275134 
21 23.7572636013 
22 30.0508468954 
23 2.35562047728 
24 24.1654326943 
25 16.3674625314 
26 20.7807773696 
27 23.8041107728 
28 26.7987453672 
29 22.5097623643 
30 22.296736048 
31 20.6167369422 
32 1.05080546774 
33 1.3634665765 
34 18.5890875582 
35 15.2622678143 
36 17.1754632865 
37 32.8875529149 
38 25.4788454057 
39 12.630224372 
40 30.0452970074 
41 24.4465189696 
42 24.7752273331 
43 8.90661576495 
44 19.8407571811 
45 22.715763274 
46 33.6130983738 
47 29.8393549201 
48 35.0384621981 
49 21.2695977694 
50 1.45143819024 
51 25.7673766482 
52 33.1232907302 
53 13.0641482389 
54 12.780236467 
55 -1.21983475512 
56 20.6574705685 
57 26.0844944229 
58 20.0388914203 
59 1.5261079505 
60 22.8189377618 
61 23.7642964614 
62 18.7453706147 
63 33.0977320189 
64 2.57758411467 
65 16.8962857727 
66 24.1205766464 
67 -0.40556577259 
68 0.710630884408 
69 23.1233203607 
70 23.8858999928 
71 16.9387160748 
72 21.5757597246 
73 12.9605406025 
74 26.8176510025 
75 24.0488465035 
76 23.5258970172 
77 17.4956659591 
78 22.131096393 
79 18.7129170059 
80 14.2488229612 
81 30.7425984133 
82 18.1015345241 
83 28.9679592406 
84 18.404888097 
85 35.1621714323 
86 19.11059283 
87 28.530602241 
88 12.8082004498 
89 12.8885808856 
90 23.4655421202 
91 22.4202432565 
92 31.6263447537 
93 18.8185109288 
94 25.3438630482 
95 12.1831388975 
96 9.51297027912 
97 31.1571215679 
98 22.9986700755 
99 23.2627479757 
100 20.9650202931 
101 19.6581803849 
102 25.703035589 
103 14.0227444675 
104 21.2335861724 
105 26.4976811011 
106 21.3257577995 
107 30.7062964397 
108 14.9438795263 
109 21.3626628151 
110 28.0620589335 
111 23.7606301175 
112 17.4197317354 
113 19.87729227 
114 1.71672476456 
115 25.8625299433 
116 27.4801753074 
117 5.7668139894 
118 29.6832523677 
119 28.73649941 
120 23.5861595788 
121 15.8987064985 
122 21.6935342134 
123 19.4906006944 
124 19.1991538972 
125 21.8439644824 
126 15.124266361 
127 22.7252283109 
128 23.4525276581 
129 26.9689453946 
130 29.0194495394 
131 25.6368115188 
132 23.227679255 
133 22.8555241334 
134 24.25830663 
135 24.1098760512 
136 24.8727505001 
137 37.7057728393 
138 19.0542457909 
139 27.7335611684 
140 21.6061842291 
141 28.3893438175 
142 10.8654805016 
143 16.2429772389 
144 28.8285905826 
145 22.8725498327 
146 28.4073140572 
147 21.8702974493 
148 17.7472988093 
149 21.4767278119 
150 26.9016132317 
151 37.5068090022 
152 22.0572427626 
153 30.9171767326 
154 15.9537476389 
155 25.3768378966 
156 37.9425627034 
157 29.68950269 
158 15.8513471266 
159 18.6321241083 
160 24.9478785584 
161 24.1750917449 
162 20.4079274987 
163 37.1523686097 
164 20.1201071801 
165 39.607113501 
166 24.4447569558 
167 2.86983104522 
168 16.4307086366 
169 22.5029777815 
170 2.45595731545 
171 21.1700732663 
172 31.4837885753 
173 26.2827214233 
174 29.3686446158 
175 24.4110365273 
176 17.8436646369 
177 33.1792315497 
178 19.659596501 
179 19.7564859898 
180 21.2982392188 
181 -2.46302345656 
182 21.6683662757 
183 13.1346942391 
184 25.3475821043 
185 29.0926533015 
186 23.1591371792 
187 20.9401041319 
188 17.504269356 
189 26.6659068207 
190 17.5578120963 
191 20.33254392 
192 34.1891144886 
193 32.6791002169 
194 18.5379575659 
195 22.7896210458 
196 20.9001401609 
197 28.3800593359 
198 28.8342140275 
199 31.0477406166 
200 24.5742973815 
201 19.5662481597 
202 13.2328574181 
203 22.5436494334 
204 28.714672824 
205 17.5374430016 
206 27.9727448961 
207 22.6543732141 
208 15.4740670105 
209 24.9184073508 
210 30.3845562138 
211 14.3734429327 
212 14.5751039562 
213 17.7296464163 
214 16.5798012418 
215 20.211000414 
216 37.2898615899 
217 20.7885863327 
218 31.4131380259 
219 12.5376723311 
220 35.0230794359 
221 21.2415117331 
222 1.00045306407 
223 23.2255483976 
224 14.4194254773 
225 20.2755978872 
226 22.424228672 
227 -0.673146644581 
228 20.41311241 
229 19.2483671865 
230 21.4760259729 
231 20.797599593 
232 14.7583374582 
233 27.8547158357 
234 27.964244222 
235 20.5755749107 
236 22.1856096523 
237 22.4878975815 
238 35.9886961218 
239 27.0294743789 
240 25.0509484829 
241 35.2470907861 
242 25.2987711115 
243 25.5100011223 
244 25.7127932912 
245 24.1620496904 
246 21.2435843943 
247 21.3945183847 
248 16.5422763569 
249 18.6278625403 
250 15.6118384001 
251 1.60244665219 
252 19.6897085335 
253 26.0760238197 
254 28.3465581641 
255 23.1174477702 
256 22.5077052143 
257 19.4261230874 
258 20.5454347989 
259 24.0210528173 
260 23.7152902546 
261 23.9586295288 
262 3.80298355764 
263 25.3334011842 
264 25.9268772367 
265 20.6843067823 
266 23.4722494428 
267 22.6132053279 
268 23.0936788764 
269 18.1052705608 
270 16.6282024209 
271 27.2412062987 
272 0.180155765798 
273 21.1672680624 
274 23.7955567646 
275 15.1285401465 
276 21.5783095116 
277 27.2273064908 
278 19.6799442711 
279 20.2491612661 
280 21.587715034 
281 20.1444004363 
282 21.7775870217 
283 20.3773466718 
284 22.9825289529 
285 28.0691050058 
286 29.0232096463 
287 22.1189513919 
288 35.7591799193 
289 20.4104582023 
290 20.9395983096 
291 20.7485087559 
292 14.8253207816 
293 18.0188722341 
294 1.24323381288 
295 20.7526542933 
296 2.55937519201 
297 28.7535455372 
298 30.4133395652 
299 0.865971778982 
300 33.8808018515 
301 19.3363265056 
302 1.54648017761 
303 25.1758611997 
304 34.0366456061 
305 22.3588156151 
306 25.2046429202 
307 27.3889411438 
308 31.4381914441 
309 26.9910950808 
310 25.5896632454 
311 18.4392197514 
312 22.5605534127 
313 20.7686073504 
314 35.4958177895 
315 29.9426059716 
316 22.1430546866 
317 16.3263102269 
318 37.917106561 
319 22.0939109652 
320 19.6861873896 
321 32.4309157083 
322 29.1353475333 
323 33.4874537449 
324 21.255140064 
325 21.8202436629 
326 19.2761703182 
327 28.1125245827 
328 -0.288285983103 
329 29.3758438115 
330 26.7982941551 
331 23.8176438356 
332 39.4767045989 
333 35.055087202 
334 30.6359973378 
335 30.4016224669 
336 22.5701510689 
337 20.9506270621 
338 24.1357635968 
339 13.5439642005 
340 30.0670466557 
341 21.7822643157 
342 12.5831800297 
343 28.7672508778 
344 22.2791376327 
345 22.5521166286 
346 19.8105181236 
347 19.9345314537 
348 25.9610810894 
349 19.6925105256 
350 19.3110044654 
351 25.6031331803 
352 35.1013319003 
353 22.0505884508 
354 -0.727082964028 
355 26.2660616671 
356 1.53383454397 
357 19.6555880134 
358 15.7094659656 
359 24.0357557341 
360 3.58421617924 
361 20.6329204837 
362 29.7652718211 
363 22.9838664266 
364 34.3475945362 
365 18.8650456957 
366 25.6997756961 
367 26.5759911097 
368 20.3034457632 
369 21.9964187664 
370 11.7733992471 
371 15.7669429662 
372 16.8882548758 
373 24.0418338732 
374 1.99224942602 
375 24.9123148811 
376 19.7016401386 
377 19.5151246081 
378 22.4205622041 
379 19.5803758629 
380 0.154648526299 
381 23.5930896308 
382 13.0191232851 
383 34.6872650209 
384 21.7470807288 
385 23.1919565137 
386 9.34993782075 
387 21.6493660115 
388 25.9132432882 
389 -0.605217278954 
390 34.1167683668 
391 24.3057907646 
392 -0.958898868556 
393 12.8270692795 
394 27.0755133818 
395 22.0208151469 
396 19.6630147013 
397 18.9369972201 
398 18.1573872276 
399 29.22345112 
400 26.9682726246 
401 21.6834916994 
402 27.1928285984 
403 0.656193828002 
404 22.2895285396 
405 15.5577043607 
406 1.90593691935 
407 24.6717707416 
408 20.2180346337 
409 0.798301464103 
410 14.4196376869 
411 18.0845878213 
412 36.6359751262 
413 25.2464209495 
414 10.1535241517 
415 21.429485218 
416 16.1177643367 
417 15.5832311847 
418 18.9926774517 
419 7.70805030631 
420 19.9304908969 
421 22.3697101338 
422 24.1872792422 
423 26.1993540753 
424 14.620936528 
425 24.3376160051 
426 23.6211204228 
427 9.34461152099 
428 3.64313773557 
429 21.5360792012 
430 24.496555253 
431 20.2201552189 
432 19.0671827354 
433 26.3846256528 
434 27.3057630754 
435 23.9978331744 
436 25.6143115823 
437 22.0806354729 
438 17.7203341611 
439 21.3738954423 
440 -7.53521964542 
441 39.7959602982 
442 19.9336448749 
443 20.8170427608 
444 7.60215390054 
445 22.0409021285 
446 21.5369784915 
447 20.516676966 
448 24.380488603 
449 0.324084794968 
450 2.95644415338 
451 22.6791085039 
452 20.5056092322 
453 18.7001477536 
454 24.218859953 
455 18.745751122 
456 26.70406626 
457 24.881977481 
458 18.0798350046 
459 20.9336495602 
460 18.2958618654 
461 24.4490389019 
462 14.1472404828 
463 20.3443651083 
464 36.8443108932 
465 18.3185485957 
466 20.278507598 
467 1.31052429692 
468 22.853827103 
469 25.39123755 
470 14.5227784744 
471 15.1226866751 
472 18.7770852157 
473 0.36630255218 
474 33.404107912 
475 28.9033482125 
476 23.7963107719 
477 25.2138219229 
478 1.91175284838 
479 23.6577812681 
480 20.1079334707 
481 16.8749474465 
482 18.4757738001 
483 2.12551499953 
484 24.5951595503 
485 16.3759932325 
486 0.709529527529 
487 27.067668 
488 14.9476666716 
489 20.3716430616 
490 21.7637404415 
491 20.939575314 
492 25.7584571451 
493 26.0098138251 
494 31.5950136951 
495 25.9726000671 
496 27.2140291986 
497 27.4654409562 
498 15.3405420423 
499 24.8492183154 
500 26.0047840395 
501 20.3052668175 
502 16.7960100317 
503 22.8949763271 
504 19.1819359521 
505 26.5290942015 
506 31.1803027782 
507 24.5257459609 
508 31.0191112502 
509 25.04250603 
510 19.3673337737 
511 20.963388047 
512 29.006318817 
513 17.4387195649 
514 27.3597378693 
515 25.1141680297 
516 16.9838047771 
517 22.9700949426 
518 22.2377168135 
519 14.2509129285 
520 28.1035392442 
521 19.9226582085 
522 23.7834098326 
523 28.3475749217 
524 1.52120229926 
525 13.0637920686 
526 14.5390688362 
527 15.9783372383 
528 14.601968823 
529 35.8150270726 
530 41.8565545456 
531 20.6141675969 
532 2.38748800324 
533 27.700972652 
534 11.1780927102 
535 25.416258854 
536 23.9105706849 
537 24.912847499 
538 22.4261586211 
539 20.5751550492 
540 25.5073205308 
541 18.6977998153 
542 19.1170365588 
543 19.2745435541 
544 22.1173613654 
545 24.3147085173 
546 20.0553514494 
547 16.5771624935 
548 15.7297919505 
549 14.4463568771 
550 18.9104852441 
551 15.0378524445 
552 28.5890632257 
553 26.2504291924 
554 10.7089594686 
555 19.0023139891 
556 19.7553528391 
557 -1.41974059046 
558 21.6728712256 
559 1.2448015249 
560 23.3852904112 
561 33.1569081492 
562 20.1359653594 
563 -1.76876236131 
564 8.99061937533 
565 19.7530175818 
566 12.1681691975 
567 17.0319636235 
568 18.8222665963 
569 20.9703952362 
570 26.4344529799 
571 25.2215714369 
572 18.2289728126 
573 10.9161750023 
574 15.7985934396 
575 22.2746311646 
576 16.3901530316 
577 19.0294421274 
578 20.1612223724 
579 21.8889286365 
580 20.3312748705 
581 36.3753512254 
582 23.326068553 
583 26.2141697855 
584 17.3336179621 
585 24.7930901574 
586 4.20758596258 
587 22.8896232137 
588 18.3918581435 
589 25.1877696174 
590 -1.19837384846 
591 19.3241848534 
592 27.178693036 
593 16.3536809934 
594 26.503814173 
595 20.9056555297 
596 17.8547881857 
597 25.0933280789 
598 24.2534548588 
599 24.8701745366 
600 27.4728933129 
601 36.8629730731 
602 28.7371220279 
603 24.8026789821 
604 27.9320364905 
605 19.2969578105 
606 17.9333335133 
607 28.634113438 
608 26.8663671806 
609 37.1917890517 
610 23.2747922505 
611 29.1766387552 
612 19.3065041371 
613 16.7098612305 
614 36.6331604237 
615 18.1505606718 
616 26.5982608217 
617 18.352355731 
618 19.5102046568 
619 38.0088354087 
620 23.8943695891 
621 -1.40649518703 
622 19.2411645511 
623 24.7508955646 
624 18.6699257416 
625 20.9929155745 
626 22.5555128216 
627 38.5031477728 
628 19.8759512968 
629 20.8314605338 
630 25.121853922 
631 27.5189940535 
632 22.5498444695 
633 20.592941859 
634 24.561020199 
635 28.9966509129 
636 8.24171881266 
637 20.3694926058 
638 28.9589552422 
639 22.8992167153 
640 17.6540767804 
641 1.53570207465 
642 37.0001740011 
643 26.5654632155 
644 37.6949640967 
645 23.1617349268 
646 19.9007434315 
647 27.3903728677 
648 0.625219731436 
649 12.3914066556 
650 15.3079373666 
651 21.5087171408 
652 27.8803940205 
653 21.9471846196 
654 36.0020278686 
655 20.101986858 
656 28.5074055525 
657 11.3266374007 
658 26.013412056 
659 18.3700981906 
660 11.8160470728 
661 22.72205794 
662 28.8767497265 
663 22.2390103084 
664 23.7896927633 
665 23.6966671108 
666 18.1572530739 
667 31.18304922 
668 35.0850503757 
669 24.5361044791 
670 25.1127408049 
671 25.9914649931 
672 23.7283265278 
673 19.2275076771 
674 16.348723165 
675 24.8242114849 
676 38.5380077181 
677 23.9899963158 
678 24.9332652576 
679 24.680600244 
680 26.5989909401 
681 31.5708308522 
682 37.7140710596 
683 18.8811462013 
684 29.558237195 
685 22.7815002103 
686 1.04539701035 
687 18.1193936557 
688 11.701774897 
689 20.9248660842 
690 25.2620658676 
691 23.1305089271 
692 24.3800772929 
693 1.09214813935 
694 24.7029352551 
695 15.4279963078 
696 25.8853478077 
697 30.7593519908 
698 31.718149568 
699 2.41290866569 
700 18.4735135552 
701 25.5992573005 
702 20.0196528295 
703 25.4207563376 
704 17.9325666694 
705 24.4294300691 
706 22.8657406787 
707 16.9394508204 
708 18.6649666025 
709 27.2958997172 
710 19.8918908253 
711 25.1134812965 
712 18.8071119048 
713 -0.469957644398 
714 32.3036893915 
715 28.5236417711 
716 39.6282647489 
717 18.6673473577 
718 21.6727361112 
719 21.1902505248 
720 14.5744183555 
721 24.9642771009 
722 22.0521967683 
723 22.7297798454 
724 22.0380006167 
725 -0.616588487569 
726 17.190146378 
727 19.5495788977 
728 3.69866804 
729 17.9986529771 
730 19.5881857104 
731 17.0978032963 
732 17.5446043762 
733 1.93211610017 
734 23.5657848829 
735 16.2289199953 
736 13.3456048089 
737 20.0528087654 
738 22.941967355 
739 9.4566771453 
740 0.877540742892 
741 32.3008232709 
742 14.7452522346 
743 29.997959979 
744 22.8166439041 
745 28.6139678496 
746 22.4870482673 
747 27.411278006 
748 20.5521029739 
749 0.604957439085 
750 25.8150062813 
751 21.7840153569 
752 16.2765091119 
753 17.8552010526 
754 12.2144231806 
755 13.0638419548 
756 12.13875531 
757 12.7606738267 
758 24.7609412961 
759 17.4440292851 
760 23.4276405198 
761 30.3778279345 
762 24.6605671299 
763 1.57162269952 
764 21.3603052915 
765 24.3122468274 
766 18.2313976026 
767 17.3478107632 
768 2.44430332124 
769 18.4721886074 
770 23.4319928154 
771 19.9425108606 
772 20.845886353 
773 12.8601826915 
774 -1.26721644735 
775 -2.93946355865 
776 0.148359982383 
778 16.2312077303 
779 20.3497405915 
780 36.3325990922 
781 24.7976962798 
782 20.2057244809 
783 22.968955186 
784 24.5930192572 
785 18.330125804 
786 31.7341101428 
787 18.2626540583 
788 11.722001778 
789 21.3040467586 
790 26.8190346793 
791 23.5144610661 
792 32.2511661534 
793 19.1025200671 
794 12.5167159834 
795 12.7038470243 
796 22.174996374 
797 18.196540057 
798 30.5366181119 
799 19.9920896298 
800 18.5257197803 
801 19.5365568585 
802 12.5203851858 
803 18.1095903209 
804 23.8283682029 
805 28.0924236491 
806 17.0986466947 
807 31.880747057 
808 26.6541415497 
809 21.2186872877 
810 21.6542584686 
811 2.09631478672 
812 18.6410976536 
813 21.9154597156 
814 14.8646299362 
815 19.1724779114 
816 21.6387071832 
817 37.2370613394 
818 23.6140721508 
819 23.9474562318 
820 28.4351022584 
821 18.2607997553 
822 12.2788514422 
823 22.4872226482 
824 23.2578508253 
825 22.4612445969 
826 19.9846588407 
827 16.2013889594 
828 15.8137218072 
829 25.4111384056 
830 1.60567710089 
831 11.1132422974 
832 31.1066976223 
833 27.9635987549 
834 31.7234794046 
835 18.0880297805 
836 28.1027860405 
837 12.3175081377 
838 26.2166559841 
839 29.6821243538 
840 20.5336012953 
841 21.6819705711 
842 24.2382434258 
843 27.6640749996 
844 13.2558401934 
845 21.9589288568 
846 28.7414431459 
847 29.21343539 
848 17.6225818966 
849 26.9527979391 
850 17.4027855346 
851 23.6279128622 
852 16.5188756113 
853 11.6215526448 
854 25.728453815 
855 21.978435721 
856 22.4424546888 
857 24.1485761601 
858 17.8053838659 
859 22.7939351095 
860 2.21450258037 
861 19.2422914348 
862 -0.258913695387 
863 1.67752272686 
864 34.1810987975 
865 12.6896994988 
866 16.283848623 
867 27.1154445281 
868 -1.53976190152 
869 25.2110807456 
870 29.0105744469 
871 15.1310680739 
872 28.2185997924 
873 18.788721114 
874 21.0523521457 
875 16.2565714339 
876 17.5979751358 
877 14.3303642655 
878 21.7863983163 
879 14.9782071108 
880 -0.0416401064559 
881 22.2782160512 
882 23.8095582832 
883 25.3672197204 
884 19.3867904261 
885 25.2453980227 
886 35.5886621367 
887 14.2948690329 
888 14.1810923519 
889 28.1124594036 
890 24.6548422322 
891 17.379046086 
892 35.7548708001 
893 29.6403877714 
894 25.9238412134 
895 20.5355470365 
896 27.37596097 
897 21.0421161626 
898 27.1654955022 
899 19.3217820082 
900 27.2198288098 
901 20.9072068346 
902 23.930599559 
903 29.639185469 
904 20.8932014986 
905 23.7863250466 
906 23.5041932724 
907 30.9260427502 
908 15.1255628075 
909 -2.12061277403 
910 20.377352111 
911 0.605912784051 
912 26.8283803715 
913 24.5122589672 
914 11.7450342102 
915 12.3827357681 
916 19.8600711651 
917 23.2089269113 
918 20.7808794554 
919 15.963244558 
920 16.254989655 
921 32.6599547383 
922 15.4866702697 
923 21.882900275 
924 25.659871992 
925 -1.35132438667 
926 24.7766080358 
927 15.0273300301 
928 17.135025978 
929 30.8258685286 
930 30.3884033185 
931 14.9563123828 
932 28.8203475574 
933 19.5476537811 
934 25.2621089743 
935 24.7064550333 
936 19.1220627871 
937 20.4540544236 
938 24.7512311235 
939 22.0981801497 
940 19.5590350713 
941 -1.86652662306 
942 22.32669233 
943 22.3369238136 
944 11.261693098 
945 17.0834384456 
946 17.5127679724 
947 16.9805736 
948 18.2461460517 
949 35.3411080547 
950 14.1750124905 
951 13.57852944 
952 1.16386112553 
953 25.4843310002 
954 25.2175474384 
955 22.1479050101 
956 29.0767632546 
957 18.4671548408 
958 26.802750295 
959 29.8519849628 
960 26.9888926923 
961 18.1956345115 
962 16.0109255645 
963 25.6640465172 
964 22.2840280934 
965 25.5985506462 
966 38.3993020192 
967 29.9458540132 
968 17.8494215197 
969 12.5478253832 
970 15.0657188026 
971 29.2271218408 
972 25.6649720167 
973 24.2851078879 
974 20.9317209654 
975 17.9801699034 
976 30.9289294569 
977 22.2663737592 
978 1.74631889479 
979 25.8167400903 
980 25.2899005971 
981 18.623631036 
982 28.698053762 
983 21.9511546082 
984 21.9068366791 
985 2.6737053993 
986 13.5550318742 
987 29.3446148164 
988 28.2295231691 
989 27.8785075197 
990 14.6825591211 
991 27.6110162944 
992 17.4105617964 
993 23.6026391889 
994 15.6993993388 
995 13.4704779826 
996 1.59678651953 
997 3.79340655214 
998 0.853061709513 
999 13.985424942 
1000 21.9574521277 
1001 22.3123116754 
1002 15.6415246214 
1003 19.8196920873 
1004 20.5791508274 
1005 2.37886441776 
1006 17.9096734003 
1007 15.0567365149 
1008 26.6051866038 
1009 17.5615070713 
1010 36.2339281211 
1011 0.877593766632 
1012 18.2211508502 
1013 17.9488247928 
1014 23.2057396905 
1015 13.9506207585 
1016 23.3990545379 
1017 22.8207272588 
1018 20.6613650976 
1019 18.6826638215 
1020 37.5399093133 
1021 25.4984302071 
1022 -3.43081984634 
1023 25.3120358625 
1024 16.5967365607 
1025 28.1002360061 
1026 25.1080192707 
1027 32.5171776116 
1028 14.3976976383 
1029 38.110948757 
1030 30.5429644015 
1031 35.5255979106 
1032 29.7425702274 
1033 21.1972376593 
1034 21.3283065466 
1035 18.9232708055 
1036 24.6843958879 
1037 34.6444351271 
1038 -1.35619027749 
1039 16.9434070246 
1040 22.7991718316 
1041 25.9563950819 
1042 26.5918152287 
1043 -0.847851338885 
1044 17.3734789495 
1045 26.8082497321 
1046 24.7422427287 
1047 2.72043073514 
1048 24.6203773598 
1049 30.3384009112 
1050 17.0389496255 
1051 25.7368526267 
1052 26.5154908226 
1053 15.0088040285 
1054 8.74828127001 
1055 24.7645191405 
1056 21.1926284716 
1057 18.7644324115 
1058 13.2374463076 
1059 37.5282046937 
1060 2.07210035362 
1061 15.704324289 
1062 37.5357505042 
1063 18.1676720928 
1064 7.50441965234 
1065 19.4069532901 
1066 22.6101146591 
1067 16.1171992389 
1069 16.2920624897 
1070 10.8073243315 
1071 18.3865405391 
1072 19.4289341215 
1073 43.4039387195 
1074 18.3759429507 
1075 22.8640049675 
1076 26.380581569 
1077 20.4296075442 
1078 21.4754872371 
1079 22.9632943921 
1080 30.8680873167 
1081 0.9130528083 
1082 1.57176918205 
1083 21.2452085577 
1084 29.8800868958 
1085 18.8046586546 
1086 21.045935416 
1087 16.2400391835 
1088 23.8200078952 
1089 16.421900788 
1090 30.6573058297 
1091 22.4904629164 
1092 27.4077113362 
1093 25.1230945941 
1094 17.5979321534 
1095 23.8465333185 
1096 32.6601007989 
1097 23.4780169994 
1098 35.639975441 
1099 23.2709659924 
1100 34.2802716786 
1101 25.8718947303 
1102 -3.51524701862 
1103 23.2840651164 
1104 17.2808108488 
1105 12.9929073713 
1106 31.8625512975 
1107 23.6123397454 
1108 20.9691394362 
1109 35.538033902 
1110 3.71761634368 
1111 25.836199039 
1112 22.0776771685 
1113 18.7440109869 
1114 24.0051636427 
1115 22.756777842 
1116 14.7613948809 
1117 24.1370383525 
1118 14.4697053855 
1119 25.7171636708 
1120 25.4770064006 
1121 26.6201909243 
1122 24.3524370053 
1123 31.5924214413 
1124 15.6676159461 
1125 23.9715177646 
1126 22.398580456 
1127 16.2125399305 
1128 32.6742615099 
1129 24.9055323408 
1130 23.696834086 
1131 22.1195848803 
1132 22.368203189 
1133 26.6814145874 
1134 17.6680328206 
1135 19.12154812 
1136 21.4911947842 
1137 13.6476868591 
1138 20.0230829884 
1139 26.3294149076 
1140 21.1072457334 
1141 27.0740888748 
1142 19.3409157341 
1143 10.0857915176 
1144 29.2470535782 
1145 29.6531675354 
1146 17.7694772239 
1147 -1.42574446874 
1148 27.568855058 
1149 21.2720050072 
1150 25.8165184619 
1151 36.9625351273 
1152 9.77915726804 
1153 22.0267977236 
1154 26.11500627 
1155 20.5251793385 
1156 13.4742470071 
1157 29.627884701 
1158 6.11468204419 
1159 13.655223689 
1160 -1.490102935 
1161 21.0253309793 
1162 14.3592997912 
1163 24.1584396649 
1164 24.3755351347 
1165 -0.00107998182067 
1166 -1.32876166367 
1167 18.133183723 
1168 17.8404629537 
1169 20.7052406948 
1170 26.6450602843 
1171 28.5095245268 
1172 20.3756151312 
1173 18.3307617695 
1174 -0.401114300736 
1175 20.7874017425 
1176 -1.77854911209 
1177 25.1781508707 
1178 15.2638351355 
1179 10.711298438 
1180 18.2585342309 
1181 -2.34411606199 
1182 25.3171543876 
1183 10.364975926 
1184 25.7836116026 
1185 7.27468580901 
1186 28.745045488 
1187 26.4756678461 
1188 10.9664146528 
1189 8.6990349576 
1190 -1.07215738187 
1191 27.7434456176 
1192 24.4057791293 
1193 23.8502306282 
1194 16.1958651295 
1195 30.9493455507 
1196 19.2137384514 
1197 22.7637499457 
1198 26.3812767202 
1199 21.3346872331 
1200 18.9385858481 
1201 1.60022943226 
1202 27.2126656706 
1203 34.8716000796 
1204 32.106652148 
1205 23.2239565725 
1206 18.8335386386 
1207 22.9393951722 
1208 17.8681761518 
1209 -1.8708470937 
1210 17.705686709 
1211 22.8118974917 
1212 21.2255855432 
1213 22.41281031 
1214 25.6304714205 
1215 22.8750160217 
1216 14.5625965167 
1217 14.652766971 
1218 29.3626836273 
1219 26.4624512281 
1220 20.8159909659 
1221 21.0765860978 
1222 0.384119619546 
1223 20.6449692973 
1224 19.25585859 
1225 27.3528753529 
1226 16.3949791067 
1227 14.9450648337 
1228 21.9446186058 
1229 18.4952422233 
1230 17.8022038523 
1231 20.8326281032 
1232 17.0827677648 
1233 28.5471888981 
1234 23.5435075045 
1235 22.0479074912 
1236 14.1011257016 
1237 18.3719454546 
1238 -2.66266769897 
1239 31.1882770104 
1240 31.6262631286 
1241 25.4087346816 
1242 3.44932386199 
1243 1.43160113791 
1244 35.7730600646 
1245 21.622726316 
1246 -0.970024055171 
1247 -2.3744844184 
1248 18.3401752119 
1249 26.4635573567 
1250 19.8265932882 
1251 26.3202174308 
1252 21.6997679438 
1253 1.72510964338 
1254 23.2163711133 
1255 31.83464527 
1256 18.8261349543 
1257 18.9874093413 
1258 26.3202121225 
1259 22.2888599186 
1260 20.9708421986 
1261 28.0832750987 
1262 19.1648500275 
1263 28.1190452382 
1264 -2.47883270354 
1265 23.7490358017 
1266 29.6036739623 
1267 17.8560293534 
1268 21.6865955655 
1269 0.509376193683 
1270 19.8161673433 
1271 24.3123197247 
1272 19.0831977152 
1273 9.02206187372 
1274 17.2851462318 
1275 0.529577934342 
1276 21.7915006216 
1277 16.5177820395 
1278 26.2406162483 
1279 36.9038200817 
1280 21.6471703059 
1281 13.3460568219 
1282 23.1219586727 
1283 22.4475091706 
1284 16.5579924894 
1285 28.1354810284 
1286 29.1652803238 
1287 23.6834678174 
1288 -3.95620771117 
1289 31.1103610698 
1290 20.7349668504 
1291 29.6408150161 
1292 20.0691928467 
1293 22.806692093 
1294 29.0550109041 
1295 2.09801804149 
1296 28.8735444732 
1297 16.0670443518 
1298 23.5858657704 
1299 -1.40453045285 
1300 20.5726989794 
1301 25.6743745116 
1302 22.9078312828 
1303 22.7943184437 
1304 0.552332151598 
1305 15.2132288091 
1306 27.8559833184 
1307 25.2247512166 
1308 26.0083683703 
1309 20.0630911786 
1310 23.1747465746 
1311 18.9130802888 
1312 26.8089460965 
1313 20.8947191801 
1314 18.7136102275 
1315 17.9987745579 
1316 26.1443378064 
1317 28.3471674915 
1318 25.7700736583 
1319 16.2159759042 
1320 -0.545872652829 
1321 21.7054031076 
1322 33.2591089866 
1323 17.379747196 
1324 19.1522450251 
1325 25.7243540153 
1326 20.2094380455 
1327 7.95754368231 
1328 28.7042179665 
1329 -1.0279230985 
1330 17.9087014691 
1331 9.15659279661 
1332 21.8530157369 
1333 26.2149976138 
1334 23.6136973899 
1335 16.4933415111 
1336 19.7104370559 
1337 40.2662881698 
1338 19.0274261403 
1339 17.919082846 
1340 18.935632021 
1341 14.5701219198 
1342 -0.748939501449 
1343 20.2308287753 
1344 35.5428150361 
1345 23.1536434104 
1346 19.8292527173 
1347 25.2265088907 
1348 0.209578662042 
1349 22.4056656399 
1350 35.4995143903 
1351 23.4913409718 
1352 15.7893779216 
1353 20.2674337487 
1354 17.7017798444 
1355 24.6471418843 
1356 9.81957940446 
1357 17.3908713246 
1358 15.5374327828 
1359 16.4772550311 
1360 15.4474842267 
1361 35.6159519708 
1362 23.2957691329 
1363 23.6940630846 
1364 36.6418000111 
1365 24.4550500661 
1366 20.2204031303 
1367 21.4986465405 
1368 30.361816569 
1369 21.4602841392 
1370 3.48729643888 
1371 24.9273751028 
1372 16.5112631008 
1373 30.3342370042 
1374 10.5329822016 
1375 17.3937735768 
1376 22.1055245742 
1377 21.9678393099 
1378 1.7405727434 
1379 25.8964921063 
1380 30.0448944893 
1381 24.0465574773 
1382 27.1128869307 
1383 18.4853223946 
1384 26.312668692 
1385 0.521988738852 
1386 -1.62833311853 
1387 32.9240519386 
1388 20.7207255953 
1389 30.1246988696 
1390 29.7026287428 
1391 22.0247686426 
1392 27.2236295781 
1393 20.868362106 
1394 34.0528007465 
1395 17.1766950316 
1396 29.3508991422 
1397 33.6329022901 
1398 15.4699407377 
1399 26.3880467728 
1400 37.8277960804 
1401 17.451532636 
1402 15.356077477 
1403 23.62968544 
1404 1.03519471726 
1405 20.2720072144 
1406 16.5619164561 
1407 15.1302959347 
1408 19.3532252133 
1409 26.7495321185 
1410 -0.527314247717 
1411 22.4499099849 
1412 19.5548292774 
1413 25.3360843613 
1414 18.7117607366 
1415 14.2964158805 
1416 13.3303324297 
1417 20.2513927291 
1418 2.95059462615 
1419 3.08426104407 
1420 26.487956458 
1421 20.0213056846 
1422 22.9544351594 
1423 -2.8607933965 
1424 15.1813928815 
1425 25.1566070512 
1426 30.4865308641 
1427 26.0762090075 
1428 2.04231693168 
1429 21.1178036225 
1430 19.8113971233 
1431 12.0983033661 
1432 22.281901235 
1433 19.1770038994 
1434 21.0629401719 
1435 9.78888757095 
1436 34.9436010125 
1437 18.1773904179 
1438 30.200146512 
1439 26.6502816079 
1440 0.230318961075 
1441 25.5022555843 
1442 19.4342607976 
1443 14.1598238561 
1444 22.0256320849 
1445 -0.7347159491 
1446 25.9669452967 
1447 20.8285804952 
1448 13.6207683223 
1449 22.1526359444 
1450 18.5857046613 
1451 25.8628362743 
1452 25.5056949182 
1453 30.1110728401 
1454 24.9792139488 
1455 13.2483471144 
1456 24.741553675 
1457 14.8949915908 
1458 18.9509422586 
1459 23.4624473411 
1460 22.8521654445 
1461 24.0472390155 
1462 19.4774196894 
1463 0.680557641406 
1464 26.3895543997 
1465 22.7397348709 
1466 36.305784352 
1467 22.9356558193 
1468 22.4278428299 
1469 25.1179779597 
1470 21.3320308541 
1471 35.180633575 
1472 23.3441540626 
1473 33.7539317808 
1474 28.5826870782 
1475 14.1619537661 
1476 16.8554712987 
1477 16.5685061964 
1478 2.00552992039 
1479 27.2354739003 
1480 38.0568298452 
1481 24.2195156898 
1482 26.7718357743 
1483 18.5470538129 
1484 13.800588982 
1485 2.3362006076 
1486 13.7280817623 
1487 16.4132142851 
1488 13.4714372621 
1489 29.2311447605 
1490 13.9963175919 
1491 20.149222274 
1492 19.7643477756 
1493 25.6106094288 
1494 24.5924604127 
1495 13.9904167375 
1496 31.148020926 
1497 24.3045128123 
1498 29.6559834239 
1499 16.1415042732 
1500 17.1409414123 
1501 18.0739249047 
1502 30.4467422954 
1503 13.4162212127 
1504 19.2306106001 
1505 26.2556990715 
1506 36.6460410353 
1507 23.7454748669 
1508 25.4136312366 
1509 26.985608466 
1510 26.1486032783 
1511 -0.435278383818 
1512 15.2967520355 
1513 12.1466435168 
1514 29.0896484332 
1515 13.4353683781 
1516 20.0116829053 
1517 19.4908525158 
1518 25.0356868686 
1519 32.710599141 
1520 25.0570413829 
1521 19.7046519472 
1522 23.9044091937 
1523 -3.2851116798 
1524 15.5739006348 
1525 28.1873523144 
1526 27.7525422314 
1527 21.3097418902 
1528 28.0379894152 
1529 22.3136179721 
1530 20.7374491445 
1531 13.7809720256 
1532 23.2133864139 
1533 31.635593899 
1534 19.9657316998 
1535 21.7182573459 
1536 22.2285999587 
1537 32.3774773474 
1538 22.9871645914 
1539 22.3740063345 
1540 33.3511262949 
1541 24.1697578654 
1542 30.9534553021 
1543 30.6345500153 
1544 18.3554748403 
1545 23.0993599015 
1546 27.2589273856 
1547 32.8084219005 
1548 19.9755745963 
1549 30.1291338349 
1550 25.3277196284 
1551 16.1468273328 
1552 16.4404880153 
1553 27.5871558626 
1554 20.9348415877 
1555 21.4818103568 
1556 17.1062057519 
1557 10.6869718385 
1558 2.63783228173 
1559 25.1938402904 
1560 35.7528975421 
1561 30.4101648003 
1562 12.2776075949 
1563 11.8737479022 
1564 23.7244140667 
1565 28.5777735076 
1566 28.2820792653 
1567 27.2492781935 
1568 1.71824667561 
1569 19.02314506 
1570 25.3982870725 
1571 36.3517572561 
1572 20.5509431917 
1573 21.6854529827 
1574 16.895268186 
1575 8.99584865198 
1576 23.7677933764 
1577 19.0068712464 
1578 13.2839306495 
1579 17.8831819176 
1580 18.5800670041 
1581 22.2693548933 
1582 17.0005991102 
1583 22.2128188518 
1584 20.1247207164 
1585 19.9533626633 
1586 25.1115598126 
1587 37.2780118446 
1588 19.7427949335 
1589 31.5309159483 
1590 17.5054701546 
1591 26.2367253216 
1592 26.1249626305 
1593 33.7567751624 
1594 21.3018991188 
1595 21.7163737807 
1596 14.6580397518 
1597 23.5705647955 
1598 21.6884992215 
1599 22.4694596068 
1600 18.3069887561 
1601 0.14146923092 
1602 20.02829406 
1603 -0.1207589978 
1604 26.4607856525 
1605 0.339280497158 
1606 26.9483852146 
1607 25.257720747 
1608 40.7147657027 
1609 27.923453685 
1610 28.797461083 
1611 32.1256955535 
1612 32.4537660974 
1613 19.0857620568 
1614 18.3654200432 
1615 18.8275495209 
1616 22.5738401505 
1617 21.2627576643 
1618 20.5244794068 
1619 17.5893814554 
1620 19.2525629143 
1621 16.2981586956 
1622 14.8374401246 
1623 27.1961233448 
1624 11.9157360397 
1625 23.7977760222 
1626 26.7963882809 
1627 35.1506548917 
1628 21.8142960157 
1629 0.734141824823 
1630 23.2108790486 
1631 15.8306024966 
1632 23.6551892772 
1633 -2.11904163507 
1634 38.6361119891 
1635 19.9241342805 
1636 3.2978118959 
1637 20.1392761209 
1638 21.7981475185 
1639 17.498687378 
1640 21.7184889451 
1641 0.388144765468 
1642 25.9563391065 
1643 27.0683655609 
1644 25.9616678976 
1645 -4.05491354864 
1646 12.3759274415 
1647 0.630137119871 
1648 19.0574008017 
1649 1.68822171044 
1651 20.6451539627 
1652 20.1595077414 
1653 22.6198959524 
1654 20.3071400882 
1655 24.7706685584 
1656 21.9988683529 
1657 27.6590990351 
1658 39.2679904852 
1659 23.9390698541 
1660 20.7525839851 
1661 1.60913686448 
1662 31.9043924665 
1663 25.9359690474 
1664 31.928673322 
1665 9.26329693637 
1666 15.1260216048 
1667 23.9664984465 
1668 27.0618230358 
1669 18.3262822758 
1670 1.395805765 
1671 -0.899482663264 
1672 36.3004044208 
1673 21.6449393699 
1674 25.1153658566 
1675 25.5128982665 
1676 22.3437228284 
1677 22.544937249 
1678 19.7393966259 
1679 28.1031023254 
1680 21.448186359 
1681 26.7213180068 
1682 22.7005660087 
1683 25.1228818637 
1684 22.3697606979 
1685 23.3902836567 
1686 23.2084888638 
1687 18.4037723958 
1688 26.5445011 
1689 25.9817086228 
1690 -0.15118322689 
1691 36.9584385178 
1692 25.5422361233 
1693 27.2119916832 
1694 23.7187378536 
1695 13.0643258974 
1696 21.3200565333 
1697 17.0151842383 
1698 17.5735916018 
1699 15.6480437254 
1700 15.5877906496 
1701 22.8145516255 
1702 14.4115560983 
1703 18.5865814577 
1704 17.7816994526 
1705 -0.0347077634433 
1706 3.03314102509 
1707 22.2314558776 
1708 21.7098556762 
1709 20.0184782139 
1710 36.7799004711 
1711 22.9073540823 
1712 20.5780808128 
1713 18.3088381596 
1714 19.2007921487 
1715 15.5175003628 
1716 14.7629368558 
1717 23.6475433632 
1718 31.3791830436 
1719 23.5178488316 
1720 11.375125283 
1721 23.1398605931 
1722 22.1667675457 
1723 7.62807727082 
1724 18.5316954032 
1725 19.4695224121 
1726 29.5599840995 
1727 23.3965509477 
1728 21.170172865 
1729 23.7854114758 
1730 22.9572329985 
1731 20.0657481653 
1732 21.2778064144 
1733 22.7617166391 
1734 -1.86848919141 
1735 25.0827549612 
1736 16.9208221403 
1737 24.2569752341 
1738 21.6107159483 
1739 24.0030616576 
1740 17.8498006018 
1741 31.1545167697 
1742 17.2859748745 
1743 17.6408537441 
1744 28.9211361195 
1745 18.5697418921 
1746 2.99865157083 
1747 18.0330997591 
1748 15.7436235991 
1749 20.6911045952 
1750 29.1148095446 
1751 9.11539010934 
1752 21.2417810133 
1753 26.2356343107 
1754 20.7469462164 
1755 27.4862023213 
1756 20.704133017 
1757 19.5374067923 
1758 28.264871968 
1759 11.9383167506 
1760 20.6761145137 
1761 23.3056156574 
1762 25.0742936319 
1763 14.0696142027 
1764 24.642392979 
1765 36.0668937701 
1766 19.9446850108 
1767 21.7284910157 
1768 15.7186301185 
1769 -1.14283001152 
1770 23.6692023256 
1771 25.9476895697 
1772 23.9943112369 
1773 22.3956103892 
1774 -1.19124804006 
1775 -0.336513681642 
1776 25.9081801555 
1777 35.8583212398 
1778 1.9257052151 
1779 18.9381318561 
1780 23.625225271 
1781 25.0929886037 
1782 22.5826730574 
1783 18.3599673323 
1784 20.7384975225 
1785 34.2591442574 
1786 32.861742275 
1787 20.2333439305 
1788 21.0277547913 
1789 22.7874427272 
1790 25.941604759 
1791 24.3867605753 
1792 35.862904895 
1793 12.6177604325 
1794 13.5760011513 
1795 20.8106413165 
1796 16.7996547379 
1797 18.1284451947 
1798 22.4096665158 
1799 0.776128085674 
1800 18.3178563707 
1801 23.5478450618 
1802 21.9204363226 
1803 1.77717524438 
1804 24.8710362686 
1805 26.5254586199 
1806 26.8463050635 
1807 19.8429055845 
1808 24.8699395849 
1809 31.3370097608 
1810 29.8914207527 
1811 23.6189451425 
1812 15.4066502609 
1813 2.14502970519 
1814 21.3069414223 
1815 6.94635463599 
1816 7.36708171216 
1817 27.5843364569 
1818 21.2924884511 
1819 31.0082576155 
1820 20.4159303323 
1821 30.0760407047 
1822 21.2998917343 
1823 18.6009571913 
1824 31.9080571374 
1825 -1.12333606346 
1826 25.3281572247 
1827 20.1094582023 
1828 19.2791718504 
1829 15.7419014259 
1830 19.7669977666 
1831 23.3073866995 
1832 22.1988311555 
1833 20.9784362246 
1834 20.3175146292 
1835 25.9575116646 
1836 20.1259883004 
1837 25.6008210357 
1838 29.0165126344 
1839 22.4089090412 
1840 26.4223822091 
1841 20.1313805108 
1842 14.2077556095 
1843 21.4610952333 
1844 19.8236454856 
1845 24.8798695704 
1846 24.504424001 
1847 24.3846537164 
1848 17.6828646761 
1849 14.4485066096 
1850 28.1800485422 
1851 19.5343598239 
1852 28.1340791284 
1853 22.4051277707 
1854 23.4742712122 
1855 23.9082948881 
1856 11.3803856869 
1857 27.4120966701 
1858 0.799232026752 
1859 27.6332942246 
1860 35.3910471398 
1861 31.3311842668 
1862 26.4574922767 
1863 1.9234845976 
1864 12.7550818945 
1865 19.5360173298 
1866 24.0520291908 
1867 27.1760952183 
1868 18.8758380421 
1869 29.941632456 
1870 24.3555466855 
1871 19.6338565507 
1872 21.594805053 
1873 13.96265301 
1874 24.5642118083 
1875 30.2271699805 
1876 29.5749680449 
1877 22.7284682077 
1878 1.38851901721 
1879 26.6578725882 
1880 25.2382284322 
1881 21.1402574865 
1882 17.710591546 
1883 12.3036678703 
1884 16.7368258561 
1885 15.3911722804 
1886 23.819054203 
1887 20.2057624675 
1888 27.384770029 
1889 31.4959451565 
1890 23.6622387627 
1891 18.2140653489 
1892 25.9085429659 
1893 14.7246736211 
1894 33.6898216046 
1895 32.9159301296 
1896 24.1909693331 
1897 18.866434802 
1898 27.1326695615 
1899 26.5581450983 
1900 29.6534502816 
1901 15.0556780714 
1902 19.2812089547 
1903 18.3343738336 
1904 14.2520766852 
1905 27.074494121 
1906 19.8343820095 
1907 32.3796127971 
1908 22.3418342636 
1909 14.4592773537 
1910 25.3239706647 
1911 15.0890364255 
1912 0.643878208453 
1913 25.9534733296 
1914 21.8474214377 
1915 20.9663694465 
1916 -0.275186239011 
1917 0.972363637354 
1918 22.2130591324 
1919 22.7143458954 
1920 22.2080817792 
1921 23.1859235455 
1922 23.4738595639 
1923 20.5084767466 
1924 29.2414700074 
1925 16.0284036134 
1926 30.7473264773 
1927 29.2933304244 
1928 20.6866565358 
1929 24.029720227 
1930 27.2102886073 
1931 21.8915441233 
1932 19.5868667729 
1933 22.3304783188 
1934 21.2482534804 
1935 24.0545364249 
1936 23.9601282755 
1937 25.0877618065 
1938 27.771744479 
1939 21.1372845211 
1940 32.7344398584 
1941 -3.02086618013 
1942 9.0228166726 
1943 23.0587503729 
1944 24.6204274196 
1945 15.8788896943 
1946 23.5833389985 
1947 18.0732892046 
1948 17.3425412696 
1949 14.6578378982 
1950 20.3557282403 
1951 20.1023780146 
1952 18.7628694318 
1953 33.0869467561 
1954 23.1232470943 
1955 19.799813318 
1956 20.3070303021 
1957 30.0541090757 
1958 22.8600149742 
1959 17.7963546154 
1960 29.2663541319 
1961 16.5370419144 
1962 20.8160466342 
1963 31.0760318159 
1964 26.1612412828 
1965 0.957116253366 
1966 9.7190726061 
1967 9.50408274032 
1968 37.9454139678 
1969 23.4487323569 
1970 13.0932565826 
1971 23.7470935752 
1972 1.84266305292 
1973 16.4086477354 
1974 14.4281893081 
1975 13.1393629116 
1976 33.613408056 
1977 21.5175432654 
1978 27.1451404722 
1979 20.3424608071 
1980 21.8842560625 
1981 26.2261450338 
1982 22.3882669936 
1983 28.9680264509 
1984 23.9749200846 
1985 23.5084582289 
1986 17.5540070496 
1987 16.389392728 
1988 19.1563128668 
1989 14.7546859865 
1990 15.1291731667 
1991 11.7753782332 
1992 28.6934673101 
1993 23.9062554527 
1994 27.1515650523 
1995 11.4119501645 
1996 20.1205429137 
1997 17.881801176 
1998 23.1554372617 
1999 29.8168461883 
2000 -1.48047181403 
2001 0.843725650507 
2002 0.375228308883 
2003 21.0954308026 
2004 17.9893239891 
2005 -0.652760673312 
2006 12.2583897605 
2007 27.8165490611 
2008 22.508632838 
2009 23.7987311025 
2010 16.9366146514 
2011 19.740008185 
2012 20.5120961495 
2013 17.6357605425 
2014 16.7686564788 
2015 18.9806546389 
2016 22.1053371267 
2017 18.8935491615 
2018 16.4898953285 
2019 19.2261125141 
2020 23.6466772149 
2021 20.8726326231 
2022 20.815362737 
2023 25.1127147472 
2024 20.6402063171 
2025 40.382755642 
2026 -0.119481417182 
2027 15.1679127797 
2028 28.8760023039 
2029 -0.465872081515 
2030 28.5323707733 
2031 20.9435472226 
2032 11.3150297303 
2033 22.574869814 
2034 30.1509834186 
2035 29.7441855813 
2036 23.0520002779 
2037 25.578831547 
2038 23.3266922641 
2039 0.29982663896 
2040 15.1723853111 
2041 28.6328021582 
2042 18.0290837067 
2043 22.2139023936 
2044 25.60050907 
2045 14.3523266502 
2046 14.9397453604 
2047 28.8929000437 
2048 18.3838783632 
2049 17.7522901615 
2050 30.9629566029 
2051 24.5016538859 
2052 30.9136785447 
2053 19.1776082044 
2054 23.6736269188 
2055 18.098975741 
2056 19.2091832293 
2057 19.5034960395 
2058 20.9407127106 
2059 37.0535029016 
2060 35.6199328321 
2061 33.5147854505 
2062 20.8087033652 
2063 18.6041812553 
2064 0.588601492866 
2065 15.3534799835 
2066 41.1383841733 
2067 28.3983386744 
2068 24.5111337126 
2069 30.0894797946 
2070 28.3776139102 
2071 25.8241448745 
2072 16.8805047826 
2073 28.7848632907 
2074 33.3973475348 
2075 21.295832421 
2076 -0.491470662453 
2077 17.2539089061 
2078 22.4061333538 
2079 21.5212520976 
2080 22.5668951403 
2081 25.1510380314 
2082 20.1241678909 
2083 23.0652894898 
2084 23.7634749815 
2085 26.7298251651 
2086 8.51372757083 
2087 16.5876418539 
2088 -1.41597652105 
2089 19.9013858633 
2090 28.3591628827 
2091 24.7322263557 
2092 23.0157677883 
2093 15.9148798203 
2094 32.9881996437 
2095 25.7922000524 
2096 -1.21392276968 
2097 20.4584710863 
2098 22.1899761873 
2099 26.5216958523 
2100 33.7269271248 
2101 11.4820225533 
2102 21.5294384158 
2103 26.3617986777 
2104 21.8106242561 
2105 21.7036780053 
2106 21.5781251942 
2107 23.6411055565 
2108 21.2072654768 
2109 15.3106861368 
2110 19.6882490988 
2111 25.1468782366 
2112 27.8748111058 
2113 -1.0335687139 
2114 26.7294260583 
2115 20.1624745399 
2116 32.5126623555 
2117 19.7534589875 
2118 23.1068570836 
2119 30.9304805492 
2120 12.8007003596 
2121 20.8653875955 
2122 23.7064081345 
2123 25.6968887223 
2124 14.1548646256 
2125 34.8279886954 
2126 30.0753443147 
2127 29.5717727332 
2128 19.8010961804 
2129 26.5752233384 
2130 26.246821993 
2131 27.4480400363 
2132 18.0402807431 
2133 22.3539805923 
2134 23.1987178069 
2135 12.2323632874 
2136 25.4471753168 
2137 18.1680327222 
2138 17.4864078031 
2139 1.26709578663 
2140 24.4049027568 
2141 25.0224599232 
2142 13.9707758652 
2143 13.4451997658 
2144 15.8082908973 
2145 0.866559840063 
2146 2.06583636121 
2147 19.0641149324 
2148 23.4935957082 
2149 18.0665613636 
2150 24.4778388386 
2151 22.3054842817 
2152 15.603833041 
2153 9.22875407353 
2154 34.0394502097 
2155 27.9428276555 
2156 25.5395582997 
2157 19.1016978736 
2158 27.6429405599 
2159 27.4958331812 
2160 25.5795471149 
2161 20.2061254625 
2162 22.9241389914 
2163 24.6113059753 
2164 23.9682003483 
2165 20.9461276795 
2166 14.1221297742 
2167 13.6574497414 
2168 18.6214498166 
2169 26.6861418483 
2170 20.3245662294 
2171 13.4641937135 
2172 38.5302432274 
2173 19.0619987567 
2174 24.2678606179 
2175 21.4762092352 
2176 -1.33590323681 
2177 18.8707214081 
2178 25.5827551731 
2179 21.6047887571 
2180 17.2162395144 
2181 19.6615733043 
2182 41.6018763994 
2183 23.9564102791 
2184 10.544531914 
2185 16.7905900128 
2186 22.8452056532 
2187 30.0001783879 
2188 23.5970602247 
2189 21.2030231364 
2190 31.1247349738 
2191 12.6193626163 
2192 21.2744365917 
2193 17.2593747961 
2194 24.0130012916 
2195 23.2099574421 
2196 16.040610407 
2197 20.1520156391 
2198 1.36981568757 
2199 28.2132834531 
2200 29.6980440378 
2201 20.5459798693 
2202 29.808880415 
2203 23.2195125577 
2204 23.9558084935 
2205 22.0948963853 
2206 26.0105532321 
2207 21.4339943352 
2208 1.48319203388 
2209 -1.4391195673 
2210 20.6596069011 
2211 20.3090826413 
2212 29.6428468413 
2213 13.679547345 
2214 26.4132677453 
2215 23.6991913273 
2216 18.8663386544 
2217 24.3783921142 
2218 1.87932366707 
2219 12.6272990497 
2220 2.76729970603 
2221 21.8695782574 
2222 17.0850212446 
2223 0.547440624268 
2224 32.3142657102 
2225 19.1833255573 
2226 24.8405982282 
2227 29.9380035772 
2228 11.9461855206 
2229 19.5503870227 
2230 19.7289678548 
2231 19.3414097881 
2232 15.0625164422 
2233 2.5451697344 
2234 19.2900492974 
2235 30.9076817098 
2236 22.0454739068 
2237 22.9361395689 
2238 9.60885188115 
2239 27.9846834494 
2240 18.9103952522 
2241 24.5353806775 
2242 13.3418013663 
2243 21.0208696161 
2244 19.0702427341 
2245 23.4742773014 
2246 28.6897159078 
2247 20.0551650971 
2248 20.2377100258 
2249 17.0562060943 
2250 21.6384572762 
2251 16.5029624367 
2252 24.786149603 
2253 21.0290459553 
2254 22.56887143 
2255 22.9525418785 
2256 36.3249490158 
2257 31.3906008865 
2258 25.0550954467 
2259 31.7665812646 
2260 14.0373349698 
2261 24.200277684 
2262 23.47709699 
2263 11.4816481944 
2264 22.5681079639 
2265 19.1447439463 
2266 11.5451285105 
2267 24.4839757818 
2268 24.0109514413 
2269 27.6418722315 
2270 24.239907884 
2271 30.230308468 
2272 21.4663548708 
2273 23.198274882 
2274 19.3482427811 
2275 24.007260783 
2276 18.9766562991 
2277 22.9141311062 
2278 32.709288042 
2279 3.00676480714 
2280 21.7734671916 
2281 34.7857713025 
2282 23.3392584941 
2283 22.4602984463 
2284 22.4875659782 
2285 21.9167044485 
2286 24.2109874268 
2287 30.9698181731 
2288 26.9422632665 
2289 25.5367672756 
2290 23.1310238363 
2291 7.76867945106 
2292 33.5444778403 
2293 19.8753347769 
2294 20.6231990681 
2295 22.5454517975 
2296 28.3777610492 
2297 15.1429499241 
2298 21.8189937914 
2299 21.364908072 
2300 23.6848840233 
2301 27.6106857253 
2302 20.4853678919 
2303 24.2976006158 
2304 37.3917959374 
2305 24.7726419243 
2306 23.4513470621 
2307 23.9932647472 
2308 25.6146846329 
2309 12.1210266164 
2310 23.9238867953 
2311 17.5894483072 
2312 37.9023089545 
2313 21.6913750271 
2314 20.9253283367 
2315 21.6254069551 
2316 21.0806194024 
2317 26.6898658108 
2318 18.5200723804 
2319 22.6708629601 
2320 22.5045048262 
2321 21.8959485222 
2322 23.1825287011 
2323 19.0992729764 
2324 26.8531362245 
2325 20.7759247177 
2326 24.7723207993 
2327 25.930601923 
2328 20.5539796645 
2329 23.0247828534 
2330 32.8092099317 
2331 26.3737842745 
2332 31.5041143817 
2333 2.87403701835 
2334 20.4451541534 
2335 2.1410532605 
2336 35.152112966 
2337 35.731882638 
2338 34.4751350434 
2339 1.38676745703 
2340 16.9062377792 
2341 28.6071089881 
2342 20.4420352818 
2343 27.1723361336 
2344 13.9943277227 
2345 40.8230574424 
2346 26.9881232612 
2347 19.7147295693 
2348 14.7220626318 
2349 14.9972329259 
2350 17.4394260867 
2351 19.3969053006 
2352 19.0162938031 
2353 15.4534115566 
2354 19.1469253456 
2355 29.0547004553 
2356 24.208408795 
2357 21.7797467277 
2358 23.0142795174 
2359 31.2001277478 
2360 25.2271516306 
2361 28.9559309969 
2362 29.137621763 
2363 21.2700139204 
2364 28.6060416648 
2365 31.1263122858 
2366 33.6855960621 
2367 18.8884640595 
2368 26.5842479579 
2369 23.8980346363 
2370 22.2204026463 
2371 27.7494619208 
2372 26.2860459006 
2373 25.0030908534 
2374 1.37844312609 
2375 24.3970469663 
2376 13.6717848824 
2377 11.9877627505 
2378 0.56998301131 
2379 6.95258031235 
2380 16.8138909223 
2381 15.6157484399 
2382 24.193713253 
2383 21.126253552 
2384 18.7829693133 
2385 26.5877555061 
2386 29.6397927971 
2387 13.5652747747 
2388 28.6628008694 
2389 28.7873943494 
2390 20.3662066837 
2391 27.7990755601 
2392 19.7882390617 
2393 22.0043534352 
2394 21.1253401866 
2395 0.0621848942495 
2396 26.9014448279 
2397 22.2588244453 
2398 23.703207001 
2399 35.5032484412 
2400 20.8796294937 
2401 23.3888326139 
2402 23.5716756799 
2403 10.1079506361 
2404 21.8750889321 
2405 21.5439665356 
2406 24.8510802554 
2407 28.1579015412 
2408 27.5184136564 
2409 22.7230851812 
2410 34.5921087204 
2411 23.6788239529 
2413 8.59915898302 
2414 17.8962123253 
2415 22.8721404077 
2416 27.1328152868 
2417 21.9493766129 
2418 15.8486312305 
2419 23.1873085858 
2420 24.1326083414 
2421 24.6465012985 
2422 26.3166274647 
2423 23.1053748447 
2424 24.8968743658 
2425 31.477798113 
2426 26.1043712525 
2427 -0.173201842244 
2428 14.0467910647 
2429 15.7905660017 
2430 34.740284931 
2431 19.8276078852 
2432 16.6828714974 
2433 22.4151921513 
2434 33.9926905134 
2435 0.390150595775 
2436 37.2865976185 
2437 14.9159449769 
2438 23.5280779607 
2439 21.9020304092 
2440 26.3384430843 
2441 12.3831359979 
2442 15.389383599 
2443 21.057534269 
2444 2.58629051003 
2445 23.4736439547 
2446 0.374176745211 
2447 36.0111738321 
2448 22.223507874 
2449 34.5595548984 
2450 28.9692585394 
2451 32.91749379 
2452 30.0702195714 
2453 17.9695856668 
2454 16.6551624006 
2455 13.4466008588 
2456 20.5206868058 
2457 19.5439295394 
2458 16.311229722 
2459 24.179880989 
2460 30.2579231287 
2461 20.7803185391 
2462 18.4468369237 
2463 24.5464319713 
2464 27.0996555837 
2465 24.8024430593 
2466 29.1025241401 
2467 20.5991671223 
2468 26.0071654939 
2469 16.2545073585 
2470 25.7738873929 
2471 23.9370168963 
2472 20.1578501816 
2473 27.4040692842 
2474 24.7286887233 
2475 28.3691647429 
2476 27.9920930929 
2477 20.752811086 
2478 27.0340381803 
2479 28.926132913 
2480 34.5097602622 
2481 18.165852275 
2482 26.8858011247 
2483 25.4646141403 
2484 13.4268362628 
2485 23.9651904827 
2486 19.3497534562 
2487 19.1076942054 
2488 23.1050175452 
2489 21.4963412221 
2490 25.6753867181 
2491 25.140915128 
2492 24.4043005291 
2493 21.7140286014 
2494 26.2006007062 
2495 15.6462195076 
2496 29.3835390479 
2497 10.3460819633 
2498 22.4418641172 
2499 -0.572589881007 
2500 22.6680007019 
2501 34.7435067055 
2502 29.7314123656 
2503 25.857391201 
2504 25.6979796934 
2505 24.84748159 
2506 24.8701673344 
2507 16.9400146595 
2508 14.2340282238 
2509 31.4631083981 
2510 21.0625980687 
2511 21.0683860562 
2512 24.9910829305 
2513 13.1944142069 
2514 -0.164570611454 
2515 21.5467631473 
2516 22.9793871412 
2517 0.0360049688249 
2518 -0.513412526259 
2519 10.5799878406 
2520 23.8332165403 
2521 26.3220738752 
2522 21.8889378446 
2523 25.0208612441 
2524 24.1559229892 
2525 0.281770274024 
2526 16.678023569 
2527 28.5579914222 
2528 23.2836752878 
2529 27.9530190969 
2530 12.593677018 
2531 27.2029055876 
2532 20.1546107697 
2533 25.5574584187 
2534 21.1726752158 
2535 21.4656699191 
2536 17.0252331394 
2537 28.0551940689 
2538 24.0872018517 
2539 16.8838902444 
2540 15.3135606595 
2541 15.0382861996 
2542 19.9357754398 
2543 21.5893509003 
2544 36.0373529587 
2545 17.166631691 
2546 18.5574308179 
2547 29.2648326556 
2548 21.2596803436 
2549 25.3942814758 
2550 25.2321002109 
2551 19.0007921852 
2552 22.3851662627 
2553 22.3196515431 
2554 21.1052217341 
2555 19.7194214651 
2556 23.3141036228 
2557 10.7928970127 
2558 25.7072361148 
2559 26.8059868004 
2560 3.09831474164 
2561 22.3696686317 
2562 24.4873494318 
2563 -1.19819514612 
2564 24.2718258769 
2565 16.5311517716 
2566 29.1307104798 
2567 26.3765977722 
2568 24.5915021653 
2569 21.0427196737 
2570 24.0859339697 
2571 20.3426999082 
2572 16.5404181777 
2574 38.5048672983 
2575 25.5590449608 
2576 22.2051796121 
2577 22.1742411282 
2578 25.7155133426 
2579 24.0983298535 
2580 29.0997423537 
2581 28.2702902851 
2582 26.9912064821 
2583 31.4975057323 
2584 21.3106296936 
2585 17.3866454092 
2586 23.301630226 
2587 29.0030566326 
2588 1.33350289523 
2589 23.4152894071 
2590 18.8363112862 
2591 24.1164375952 
2592 22.2507658242 
2593 21.4082568701 
2594 20.9398965137 
2595 0.960130643821 
2596 18.471409014 
2597 12.6665443823 
2598 14.9482004317 
2599 11.1170461944 
2600 -0.436558070667 
2601 21.7923964239 
2602 3.61647950812 
2603 10.3155893017 
2604 16.8999498594 
2605 16.8955689394 
2606 23.8669470676 
2607 29.7044329928 
2608 23.9399966043 
2609 25.2428567868 
2610 34.2128285186 
2611 20.9560590931 
2612 17.4438332181 
2613 27.7806646495 
2614 25.9659021122 
2615 12.6679465405 
2616 20.5201756467 
2617 20.06592696 
2618 35.9816080478 
2619 19.3038611853 
2620 22.310670527 
2621 2.73234825265 
2622 26.1142160524 
2623 -0.461971745335 
2624 26.6275549454 
2625 26.5773405751 
2626 38.7784242397 
2627 17.9004800059 
2628 27.3978556027 
2629 20.8377690754 
2630 23.3386894489 
2631 24.6101824387 
2632 -1.3733791169 
2633 29.0239032668 
2634 27.2630150166 
2635 17.0392100741 
2636 19.3286253165 
2637 32.2154137764 
2638 20.0689152649 
2639 13.8412747152 
2640 35.4270802685 
2641 18.0631053385 
2642 16.8532694161 
2643 20.6453694763 
2644 34.6441378548 
2645 36.6469956002 
2646 16.5861914664 
2647 23.2965874449 
2648 20.6972814796 
2649 15.1428151307 
2650 21.5781464732 
2651 21.2011351483 
2652 23.6902994804 
2653 -1.68522653431 
2654 21.3044369999 
2655 17.5575956239 
2656 16.1227261017 
2657 23.3608041203 
2658 25.7603641867 
2659 16.9956192072 
2660 22.2744671939 
2661 0.0270518768413 
2662 25.6797456379 
2663 24.7714308103 
2664 27.4366777176 
2665 19.6606742043 
2666 22.9729204554 
2667 23.5950882909 
2668 20.7246356711 
2669 7.45294476382 
2670 12.1200913826 
2671 20.4554539214 
2672 -1.40288691043 
2673 14.7322823696 
2674 -0.500909789586 
2675 21.6945997984 
2676 25.4128089172 
2677 19.7172457774 
2678 27.1030110808 
2679 21.0690497943 
2680 35.4137512302 
2681 30.5461159703 
2682 3.00365648181 
2683 24.2738174261 
2684 27.3753349895 
2685 17.8946678749 
2686 17.4521941449 
2687 28.5290228859 
2688 10.7329365648 
2689 33.3619300132 
2690 29.3211345853 
2691 23.8168011675 
2692 13.9205137513 
2693 27.1748621575 
2694 12.6945874521 
2695 20.6054542895 
2696 20.2915917549 
2697 26.1578116702 
2698 12.164168547 
2699 11.7858569402 
2700 22.8964907999 
2701 23.3437875949 
2702 16.6845838297 
2703 -0.519535986305 
2704 10.9545970381 
2705 21.5552386565 
2706 31.6344047498 
2707 26.2465894803 
2708 18.3837226375 
2709 2.07222954403 
2710 12.8045944329 
2711 28.3892262235 
2712 26.753894409 
2713 19.1080761081 
2714 24.9956363983 
2715 20.744515304 
2716 20.2625062459 
2717 33.8747237749 
2718 17.1421055594 
2719 20.3168440658 
2720 20.8513856249 
2721 14.2183737356 
2722 26.8737113765 
2723 22.1121020107 
2724 0.832675725841 
2725 37.332900268 
2726 20.7769554367 
2727 29.0791714162 
2728 16.3205833958 
2729 8.41692585959 
2730 33.8459219032 
2731 0.645319884163 
2732 18.8209235005 
2733 23.6709456715 
2734 2.01401788736 
2735 23.5497179347 
2736 23.7853988147 
2737 23.5467197742 
2738 22.97983465 
2739 27.1420834736 
2740 31.6858615113 
2741 14.0221543735 
2742 20.7843634417 
2743 12.7757449311 
2744 20.3394768546 
2745 10.7677153346 
2746 17.5084105597 
2747 24.0942473022 
2748 29.7225088589 
2749 17.9581815897 
2750 0.338997977234 
2751 12.3173866747 
2752 13.6154227445 
2753 22.4565290894 
2754 14.1126303453 
2755 35.8124528367 
2756 28.9278385495 
2757 13.7336590056 
2758 23.0191296882 
2759 23.2689270171 
2760 2.61691488133 
2761 19.7045546852 
2762 21.3272692966 
2763 26.4950245873 
2764 30.2015673746 
2765 18.8651002206 
2766 25.9754887439 
2767 33.7316931414 
2768 30.5326193778 
2769 1.19123464564 
2770 23.3183161367 
2771 20.9651336515 
2772 30.2522466741 
2773 15.8546410713 
2774 26.22577498 
2775 9.94575770484 
2776 12.5708986323 
2777 9.98271220858 
2778 33.2980596788 
2779 -3.33510662116 
2780 17.5814790406 
2781 28.0401129358 
2782 14.6923144362 
2783 21.250751014 
2784 18.7659995953 
2785 17.2463017617 
2786 28.0103548823 
2787 17.9188820851 
2788 24.9806614017 
2789 23.0835754689 
2790 19.6437684919 
2791 25.3289343157 
2792 3.75064683559 
2793 20.4557594915 
2794 23.1234095045 
2795 38.6785599906 
2796 22.9382859054 
2797 28.6748694332 
2798 16.3059776704 
2799 28.6076362391 
2800 6.51670844233 
2801 25.5765118395 
2802 28.0305947764 
2803 27.7741116063 
2804 13.3860373712 
2805 14.0642814912 
2806 22.3686609029 
2807 21.7625897041 
2808 15.7170807884 
2809 23.1520721438 
2810 22.6288332002 
2811 15.6836388066 
2812 27.3035063112 
2813 14.5635346933 
2814 28.3879411723 
2815 31.1509201362 
2816 25.5995118031 
2817 25.02152317 
2818 34.6462975335 
2819 21.8608153091 
2820 2.20264420479 
2821 17.5811144724 
2822 21.8865078602 
2823 27.792469864 
2824 14.925778685 
2825 -3.72174754903 
2826 14.6337043011 
2827 15.5299541332 
2828 24.7016835101 
2829 28.1520493763 
2830 24.6536413416 
2831 26.9294432751 
2832 17.0801243281 
2833 18.1615986308 
2834 29.3588592527 
2835 23.9190800243 
2836 14.7548272616 
2837 24.0731687844 
2838 21.7384270367 
2839 -1.70973929888 
2840 22.7615810044 
2841 1.18407017842 
2842 20.5497802842 
2843 26.3072594261 
2844 24.8895879303 
2845 17.8346112615 
2846 18.5325321529 
2847 37.8366935773 
2848 32.5137027847 
2849 28.0994302701 
2850 21.7751395914 
2851 26.8815600977 
2852 30.1425596157 
2853 30.8764941945 
2854 15.4708177817 
2855 15.968961942 
2856 20.6393127016 
2857 18.9545154802 
2858 25.3272340076 
2859 -2.43978376978 
2860 16.8153981474 
2861 26.024958227 
2862 17.1705437155 
2863 24.3963342655 
2864 12.6268155684 
2865 16.3652488527 
2866 18.4287948446 
2867 27.7188185154 
2868 24.0757276033 
2869 27.1066600149 
2870 31.6415353135 
2871 1.93468496701 
2872 23.8563128472 
2873 16.2065378681 
2874 20.6410798444 
2875 17.0839388699 
2876 24.0519910524 
2877 34.4498902357 
2878 29.3081898427 
2879 21.3224703665 
2880 18.5310596032 
2881 20.1192596293 
2882 23.0171050424 
2883 21.2965938169 
2884 8.09800069494 
2885 17.5664548832 
2886 14.0844568757 
2887 16.6979738058 
2888 16.6595047692 
2889 15.6568894432 
2890 17.0570742921 
2891 23.9466154415 
2892 17.6578667043 
2893 20.9569816558 
2894 20.06487104 
2895 21.1653822222 
2896 -2.85772651509 
2897 20.6679511074 
2898 20.317096968 
2899 21.9151352576 
2900 22.4802988019 
2901 28.0466616411 
2902 23.9570024525 
2903 17.3597201703 
2904 14.0937592139 
2905 20.3739533437 
2906 16.1638230321 
2907 15.4629891205 
2908 28.6699530365 
2909 21.4037643509 
2910 -0.22146259263 
2911 20.4492585832 
2912 26.5988225877 
2913 20.3346331345 
2914 23.0206533741 
2915 20.1955721021 
2916 22.4361665086 
2917 24.4709857116 
2918 27.4389521857 
2919 21.2646924148 
2920 16.9786882668 
2921 0.927165168755 
2922 28.7551071462 
2923 22.6277559165 
2924 12.0326016605 
2925 17.6281658665 
2926 20.386558252 
2927 32.6781778418 
2928 26.705039482 
2929 22.090783506 
2930 20.1850579087 
2931 16.978629753 
2932 22.6782627602 
2933 23.3960827455 
2934 18.8006512991 
2935 15.5297771237 
2936 29.2392827026 
2937 20.6002724622 
2938 29.0086773073 
2939 23.9390314961 
2940 27.0210783797 
2941 23.213114128 
2942 23.4633647214 
2943 18.7912457744 
2944 18.1431299096 
2945 25.1080559508 
2946 15.3842320901 
2947 23.1255887801 
2948 26.8995261965 
2949 23.5869551838 
2950 16.3165650037 
2951 19.7595235875 
2952 26.2127854967 
2953 18.3480444356 
2954 19.0535340621 
2955 23.2585925888 
2956 16.4531482572 
2957 15.8936771833 
2958 35.3350382358 
2959 20.8565201426 
2960 18.0566099996 
2961 24.5780040316 
2962 26.2158137517 
2963 34.5372344893 
2964 1.46321513025 
2965 22.0710154711 
2966 1.05293142816 
2967 17.8977549242 
2968 29.1639305399 
2969 27.8630333315 
2970 20.5283244581 
2971 22.5283604004 
2972 17.642402912 
2973 20.7538778147 
2974 20.088655159 
2975 16.4592969821 
2976 24.8467915926 
2977 24.5041267622 
2978 16.9032375403 
2979 24.2052502035 
2980 21.1467281446 
2981 27.1718305331 
2982 19.3310850797 
2983 20.2601609586 
2984 12.7253887871 
2985 27.1485519805 
2986 9.4387333135 
2987 25.9853009919 
2988 18.8824411769 
2989 21.4541653921 
2990 18.8622457814 
2991 -0.301108121542 
2992 15.965633965 
2993 22.3276333585 
2994 37.0895795489 
2995 27.3561453176 
2996 19.3135595169 
2997 26.9540782095 
2998 23.081129742 
2999 21.9843802503 
3000 34.1194897756 
3001 19.6040610548 
3002 28.1447344546 
3003 30.4121800805 
3004 10.9828208585 
3005 25.7776064422 
3006 22.2755729688 
3007 25.5392319842 
3008 1.94104699502 
3009 21.8863723523 
3010 37.9400202346 
3011 19.9501746785 
3012 -0.722025158236 
3013 26.7775074095 
3014 20.2473794896 
3015 26.1294613018 
3016 23.8905368256 
3017 26.1673118892 
3018 27.7443241446 
3019 21.4638496915 
3020 17.5681394359 
3021 24.2058028676 
3022 26.8551155651 
3023 22.5277599248 
3024 19.7998379819 
3025 25.3689790028 
3026 28.3465385191 
3027 0.921821890149 
3028 21.6269320518 
3029 32.7888067674 
3030 21.1404667891 
3031 33.9415991972 
3032 14.2031288163 
3033 25.9446711297 
3034 21.5233534392 
3035 27.0459947351 
3036 16.6445280039 
3037 24.3768127575 
3038 2.82022383055 
3039 20.3530004216 
3040 13.5940282506 
3041 29.9474090094 
3042 -1.52232502333 
3043 30.2375256595 
3044 33.4370261389 
3045 23.1858698258 
3046 28.6479068969 
3047 12.2157310514 
3048 24.6133331523 
3049 31.3876546762 
3050 27.1259360323 
3051 3.30952387976 
3052 22.6064341744 
3053 25.7537325036 
3054 32.7236328936 
3055 17.9360471214 
3056 30.3703705845 
3057 24.6088093474 
3058 25.3270370311 
3059 26.0461364283 
3060 22.7674154383 
3061 0.316212077829 
3062 22.9091166048 
3063 8.10086835713 
3064 8.39169397772 
3065 26.3147103382 
3066 -2.81359973407 
3067 14.0487120277 
3068 24.560508821 
3069 -0.0845131729631 
3070 18.1762540708 
3071 17.406197482 
3072 27.0362166052 
3073 21.41430391 
3074 21.1452447445 
3075 19.6959541353 
3076 -2.00143056046 
3077 17.7076609113 
3078 15.8788628012 
3079 28.7944508602 
3080 23.7580883733 
3081 11.939231101 
3082 24.5435138857 
3083 18.1642492248 
3084 25.1344488579 
3085 10.7924969271 
3086 25.7417483154 
3087 15.889511094 
3088 19.3232603696 
3089 13.738622172 
3090 16.770459778 
3091 19.0726842898 
3092 21.6520768576 
3093 12.6997203586 
3094 23.268924697 
3095 0.901091576462 
3096 23.0276166827 
3097 28.2076112999 
3098 29.4726815814 
3099 21.9188083301 
3100 25.2673603504 
3101 22.444901674 
3102 17.4736651755 
3103 -0.333680597003 
3104 -2.21837659086 
3105 23.827561633 
3106 17.2501001998 
3107 0.891806835877 
3108 18.3535688737 
3109 17.9768748104 
3110 16.7149899683 
3111 21.435040631 
3112 -0.410538497751 
3113 18.7137528265 
3114 18.9732038722 
3115 24.8133058359 
3116 15.9877770508 
3117 36.8956399181 
3118 24.5027351498 
3119 14.856038387 
3120 20.5207438108 
3121 27.8592581599 
3122 15.6031981138 
3123 15.2758985464 
3124 24.915063301 
3125 14.762132339 
3126 18.1343893296 
3127 27.3991885627 
3128 17.6234300758 
3129 18.1184538484 
3130 25.3401229868 
3131 22.1558334167 
3132 22.6515703785 
3133 20.2606658929 
3134 15.7543604677 
3135 21.3857125738 
3136 25.9511693161 
3137 2.91802300485 
3138 22.5894577844 
3139 26.4481727978 
3140 21.3834718348 
3141 38.6845253656 
3142 23.1874159941 
3143 24.1874594565 
3144 20.4352876302 
3145 23.218233302 
3146 16.6778172011 
3147 23.3682224458 
3148 -0.670792558924 
3149 25.3213610388 
3150 28.1884177264 
3151 25.2255217942 
3152 17.6076540209 
3153 22.1105996383 
3154 26.3043818331 
3155 18.0197699839 
3156 -3.21406596639 
3157 20.5081714979 
3158 24.8501683289 
3159 -1.98630277625 
3160 25.0446893559 
3161 22.4994412213 
3162 28.0384815842 
3163 25.6159629662 
3164 2.56823409607 
3165 12.2367915053 
3166 24.9799993821 
3167 20.5850267617 
3168 19.9351730313 
3169 20.6015380162 
3170 24.0958151379 
3171 15.2319566946 
3172 35.1492493633 
3173 29.4489485678 
3174 26.1633940387 
3175 17.7864002861 
3176 15.1065608092 
3177 17.609514892 
3178 17.0123669686 
3179 9.84178977143 
3180 2.9637313614 
3181 17.5467449806 
3182 24.0547655938 
3183 25.7068246824 
3184 2.12203492684 
3185 28.3436685471 
3186 0.839794606186 
3187 25.6209376851 
3188 19.5756542169 
3189 21.8911413802 
3190 21.2159833287 
3191 34.7396622537 
3192 25.347444316 
3193 20.5504491739 
3194 19.4697176459 
3195 18.8409500806 
3196 18.0920184608 
3197 24.932805005 
3198 17.8192824023 
3199 21.0591809683 
3200 23.2654587389 
3201 27.7921638128 
3202 22.9411827275 
3203 23.6383327123 
3204 18.6079650635 
3205 11.2362640441 
3206 28.7941041843 
3207 12.074506897 
3208 1.36892857474 
3209 20.8966284264 
3210 27.8697858172 
3211 23.9249860745 
3212 3.5316574324 
3213 20.2897870544 
3214 20.0022691697 
3215 18.2632555267 
3216 18.7914824343 
3217 17.9635873984 
3218 16.7052343883 
3219 8.60249844011 
3220 19.3708178187 
3221 20.5083226397 
3222 16.3262420224 
3223 22.0455624416 
3224 25.4156756434 
3225 21.3724906127 
3226 25.7736729266 
3227 18.4739750027 
3228 20.4000623175 
3229 23.3158392467 
3230 1.24013317608 
3231 30.0424531819 
3232 26.0349637403 
3233 19.9350966768 
3234 0.957007588408 
3235 19.512615702 
3236 27.2024299705 
3237 22.2304307078 
3238 21.3272875445 
3239 24.0254798639 
3240 19.831055991 
3241 32.269807143 
3242 18.9614980293 
3243 16.6714981184 
3244 18.4963714854 
3245 41.1361895029 
3246 24.979690869 
3247 17.8604327541 
3248 -2.00037227611 
3249 18.8664524257 
3250 17.5791163688 
3251 30.8236539295 
3252 27.312706961 
3253 24.4341051361 
3254 27.7739595206 
3255 26.761479241 
3256 14.5154249336 
3257 25.0544855556 
3258 18.8714360813 
3259 13.3146072102 
3260 20.8612002286 
3261 22.5978920794 
3262 25.8764383372 
3263 2.41685500022 
3264 31.2008273856 
3265 0.693797747231 
3266 38.232615531 
3267 27.8037268871 
3268 21.6635621975 
3269 19.9809027799 
3270 26.0623521933 
3271 15.0972401582 
3272 18.1705685397 
3273 34.2630109835 
3274 26.3958651316 
3275 16.3076600457 
3276 19.4619395544 
3277 16.7426890348 
3278 27.8548028663 
3279 24.5675106819 
3280 23.7736269377 
3281 21.6399237974 
3282 19.7815089256 
3283 21.815419461 
3284 23.7309009044 
3285 21.5356149536 
3286 26.342563525 
3287 25.0411927032 
3288 20.1718555225 
3289 17.2711735226 
3290 17.1577859611 
3291 -0.137901508505 
3292 0.353349590166 
3293 40.5104594534 
3294 18.311329863 
3295 27.1568727067 
3296 28.411003084 
3297 18.2430421062 
3298 25.2157005152 
3299 22.1141554579 
3300 17.1893952852 
3301 15.3682567226 
3302 19.0722984921 
3303 15.8098995256 
3304 21.8076367162 
3305 10.3743761055 
3306 22.5407897144 
3307 19.6201600528 
3308 25.531745256 
3309 35.0006928504 
3310 25.693904071 
3311 1.6441615512 
3312 18.8068134784 
3313 21.7482733888 
3314 41.6352065437 
3315 21.2832244979 
3316 23.2308744438 
3317 23.1066578869 
3318 22.0106088534 
3319 24.5771960869 
3320 -0.396234221121 
3321 32.3543804591 
3322 16.1642729211 
3323 26.5148959686 
3324 24.1473081351 
3325 18.7774487604 
3326 -0.857485255273 
3327 23.0240991932 
3328 17.1387634584 
3329 18.7879984077 
3330 20.7442335208 
3331 28.3182211757 
3332 28.7594348615 
3333 39.0649821955 
3334 -2.49879898106 
3335 26.5445322953 
3336 17.2419975854 
3337 22.8080080199 
3338 10.1713823434 
3339 19.0505961508 
3340 27.8894690751 
3341 20.5197205257 
3342 31.2623738272 
3343 22.6005131775 
3344 26.4592514959 
3345 23.0405574829 
3346 19.3498217847 
3347 20.4939964962 
3348 17.0249166632 
3349 21.3771052988 
3350 20.4119552803 
3351 15.5119944132 
3353 18.5566123995 
3354 25.8538011074 
3355 23.9670563473 
3356 23.19912027 
3357 28.2231664461 
3358 28.2561104273 
3359 14.7363123543 
3360 19.1296232685 
3361 19.3303910851 
3362 35.6193251243 
3363 17.8471548142 
3364 25.0048486224 
3365 20.6282473136 
3366 24.191414948 
3367 24.6265597531 
3368 17.2174559553 
3369 30.6427585167 
3370 22.5977713907 
3371 23.7898384062 
3372 20.1020697572 
3373 22.5795150453 
3374 4.63898692891 
3375 20.131560741 
3376 10.7219559331 
3377 26.787172518 
3378 10.5325771685 
3379 22.7232186037 
3380 30.3076457753 
3381 16.215920968 
3382 25.7625470904 
3383 15.6417237082 
3384 17.297034234 
3385 32.9632879033 
3386 34.2101668738 
3387 30.3900775648 
3388 23.5849190439 
3389 23.836861468 
3390 23.5310201356 
3391 16.7024770405 
3392 26.4512124597 
3393 34.6943045475 
3394 30.9936175184 
3395 17.7364542979 
3396 27.5958482623 
3397 20.8128699332 
3398 16.2242740475 
3399 17.4046006212 
3400 0.91185394165 
3401 22.3459434041 
3402 19.1534852549 
3403 31.9653978804 
3404 26.4858656154 
3405 20.2696881282 
3406 29.5570293597 
3407 16.4040628086 
3408 20.4689221653 
3409 13.0512135882 
3410 15.9115348856 
3411 32.0766333998 
3412 26.5174527239 
3413 20.2283304083 
3414 19.5951069466 
3415 19.4299134266 
3416 21.4656129569 
3417 3.63552859797 
3418 23.6515860731 
3419 28.2307204838 
3420 24.4653064443 
3421 13.8584319634 
3422 1.68628204281 
3423 20.2692700543 
3424 24.5864134961 
3425 20.0484187501 
3426 16.1381372494 
3427 24.4652359643 
3428 25.9443039243 
3429 19.795627025 
3430 15.1512521342 
3431 24.5124987878 
3432 27.5885970483 
3433 33.4500642501 
3434 16.7244731255 
3435 26.0288068776 
3436 24.1914541088 
3437 21.1109009011 
3438 27.8100681608 
3439 23.727664627 
3440 19.8382784879 
3441 28.6039833952 
3442 31.054560301 
3443 24.2707401167 
3444 20.2303388758 
3445 8.70389812587 
3446 28.4399231464 
3447 30.7223827107 
3448 26.2554497441 
3449 26.8323459756 
3450 27.4247117618 
3451 1.83293033508 
3452 34.2848358683 
3453 26.2039407964 
3454 21.7251451194 
3455 37.7421688524 
3456 28.7614562396 
3457 38.2467376657 
3458 18.08255977 
3459 16.7507282197 
3460 22.1460454471 
3461 21.907090976 
3462 15.9656026199 
3463 22.9355972534 
3464 15.4043012819 
3465 39.7603588385 
3466 26.0746005236 
3467 30.4197363554 
3468 26.4526523525 
3469 24.6509080792 
3470 18.5143777584 
3471 -1.86875434797 
3472 33.7948187548 
3473 21.4098930768 
3474 22.8773984435 
3475 14.8978677702 
3476 19.6650873269 
3477 24.6992922189 
3478 21.2598549017 
3479 -0.360570599731 
3480 22.8738442417 
3481 18.9697674066 
3482 28.6772815557 
3483 20.7814344479 
3484 25.4978319653 
3485 3.93077253905 
3486 17.8595853633 
3487 18.7684943032 
3488 26.8949378018 
3489 28.2298931789 
3490 -0.802865922611 
3491 7.46777702138 
3492 19.3328063603 
3493 3.65954839843 
3494 15.1822119051 
3495 25.050246425 
3496 2.17704298362 
3497 13.2336221331 
3498 14.7475729913 
3499 20.0355193708 
3500 26.1328425439 
3501 20.168009063 
3502 27.388445676 
3503 29.3833432192 
3504 13.7304349379 
3505 18.0356084822 
3506 26.3437333324 
3507 27.2655006023 
3508 14.560163156 
3509 18.4807410099 
3510 19.0993036976 
3511 35.4058880518 
3512 22.7210646492 
3513 16.660661388 
3514 23.0191928053 
3515 20.0170438436 
3516 18.1514930766 
3517 22.4700838823 
3518 22.8321160537 
3519 32.3140029799 
3520 18.8988897583 
3521 28.6687732267 
3522 3.31040333415 
3523 25.3139049815 
3524 1.00081029777 
3525 14.865095799 
3526 19.6188742881 
3527 27.6904329961 
3528 18.1569102757 
3529 23.6804974755 
3530 14.5573038993 
3531 28.1129080011 
3532 21.9421938208 
3533 27.1265924933 
3534 14.2382003343 
3535 15.908701194 
3536 25.2483693685 
3537 25.8454566113 
3538 19.3179500555 
3539 19.2924281632 
3540 0.117480895452 
3541 34.3773669951 
3542 21.3505594828 
3543 21.0473642215 
3544 28.3934735505 
3545 17.6536382099 
3546 21.0040316014 
3547 16.6022647757 
3548 21.3093393553 
3549 28.0580400618 
3550 28.1409836638 
3551 10.9878413285 
3552 35.7242696476 
3553 30.0078282977 
3554 14.3361674848 
3555 15.2721349053 
3556 17.5071291164 
3557 15.134130516 
3558 21.4702539433 
3559 26.4862946043 
3560 11.9014674247 
3561 23.61125266 
3562 29.1513294241 
3563 15.2891528987 
3564 33.4582174501 
3565 20.7252615032 
3566 18.5455709717 
3567 30.6244901834 
3568 23.4559973033 
3569 28.421811506 
3570 -0.440915021981 
3571 26.35204158 
3572 28.589858918 
3573 31.1199812899 
3574 22.1927241827 
3575 20.1336924611 
3576 16.8045430806 
3577 21.0857421658 
3578 15.8598040516 
3579 32.815882239 
3580 15.6026855973 
3581 17.9091784492 
3582 24.5879482602 
3583 4.23389709368 
3584 20.8045931505 
3585 18.7752337908 
3586 29.8941629956 
3587 -0.374743298016 
3588 18.7969597628 
3589 14.6811823833 
3590 18.800367684 
3591 23.9997559805 
3592 17.9876892019 
3593 29.0712026201 
3594 21.9133926875 
3595 -2.4098553597 
3596 21.2142923526 
3597 -0.928558415061 
3598 23.9678083964 
3599 19.32836087 
3600 17.4626674476 
3601 21.173764529 
3602 17.0650305665 
3603 26.0983978328 
3604 38.2211622506 
3605 17.9948042696 
3606 26.9567819032 
3607 16.9968234665 
3608 3.2151329034 
3609 22.6179484887 
3610 24.0422002945 
3611 22.5585037978 
3612 -0.478602191083 
3613 25.0534037519 
3614 19.7580257912 
3615 26.6182782564 
3616 24.6421769909 
3617 33.8449311503 
3618 19.5434876409 
3619 1.28761625037 
3620 24.301047122 
3621 24.8571779101 
3622 16.970402489 
3623 15.7921803037 
3624 28.8791927996 
3625 24.1975401297 
3626 26.0509675592 
3627 0.81511282506 
3628 19.67702973 
3629 35.2580692861 
3630 18.1267556012 
3631 30.3292345011 
3632 19.0130801171 
3633 26.6555109965 
3634 25.5893029348 
3635 27.7110244055 
3636 16.8937626045 
3637 23.0425695807 
3638 31.4482349612 
3639 24.2271836935 
3640 22.4581152662 
3641 23.531569855 
3642 13.2139833517 
3643 20.4495271191 
3644 24.9663277992 
3645 22.7044404854 
3646 19.4680350039 
3647 24.329237914 
3648 22.7520689828 
3649 23.5294793663 
3650 22.4801526279 
3651 31.0650560591 
3652 12.6083318812 
3653 18.0187610616 
3654 -1.85728533086 
3655 1.81179686195 
3656 24.050617332 
3657 21.3560702699 
3658 15.2421559865 
3659 33.264393481 
3660 30.8298619969 
3661 20.8941772354 
3662 14.4799421586 
3663 20.5776527407 
3664 24.9616654083 
3665 25.8919049288 
3666 26.038152404 
3667 32.0568804141 
3668 25.1061006209 
3669 24.8215381958 
3670 26.4094046474 
3671 29.014936897 
3672 3.02695462106 
3673 16.6863143345 
3674 30.2966413474 
3675 22.712515098 
3676 27.0094229314 
3677 14.9331039557 
3678 25.3136373807 
3679 11.0730124793 
3680 16.3458168685 
3681 25.8050478154 
3682 19.0410616709 
3683 -0.698333037868 
3684 24.4888377392 
3685 20.5168289141 
3686 18.3845630672 
3687 21.4299799906 
3688 15.8327815146 
3689 25.0854606742 
3690 19.0124005042 
3691 16.8177778647 
3692 18.7572269145 
3693 23.8249671241 
3694 28.9815532722 
3695 21.2905047485 
3696 20.6085069125 
3697 -0.513875546759 
3698 26.7462638402 
3699 20.1991547475 
3700 25.045041799 
3701 16.1532582681 
3702 14.0433179183 
3703 25.1788362894 
3704 23.1545264839 
3705 23.762630373 
3706 21.9318548526 
3707 25.5348371343 
3708 24.7259112929 
3709 21.958748668 
3710 24.6972681579 
3711 22.3805529483 
3712 27.8889400001 
3713 27.9782520175 
3714 1.98259944933 
3715 20.2003439578 
3716 -0.81119408928 
3717 29.1234100822 
3718 25.2321435972 
3719 1.56925363422 
3720 32.0535804985 
3721 29.3012607692 
3722 22.5498911853 
3723 17.1683745757 
3724 15.7221424184 
3725 26.8504988656 
3726 20.5013356758 
3727 16.7997021028 
3728 21.3927638543 
3729 20.1095098046 
3730 4.09628340751 
3731 30.0361691873 
3732 4.14846197308 
3733 21.7248435645 
3734 23.6224418394 
3735 16.8856219033 
3736 21.1939796486 
3737 3.12653371872 
3738 0.964834356796 
3739 16.0610005517 
3740 17.1498913138 
3741 19.8002273564 
3742 38.4620720012 
3743 20.16082174 
3744 24.5073985635 
3745 22.3932008532 
3746 23.2474387512 
3747 20.7276133598 
3748 16.7695318206 
3749 18.1531647937 
3750 17.5194678684 
3751 19.6126616555 
3752 23.0074915476 
3753 18.7359613314 
3754 18.539750454 
3755 13.9703002508 
3756 27.7712058454 
3757 27.1506621014 
3758 22.6935038596 
3759 29.9040050715 
3760 8.52353500729 
3761 18.0197501022 
3762 27.1465185238 
3763 27.3205797627 
3764 25.1631210129 
3765 31.9126326961 
3766 20.4584023909 
3767 20.5513156112 
3768 26.9601915055 
3769 17.8581703985 
3770 40.2130448732 
3771 22.2307984027 
3772 2.26563987449 
3773 22.2156816043 
3774 32.4962773021 
3775 20.113379021 
3776 35.3575729227 
3777 37.0349785458 
3778 8.49015669614 
3779 23.3674962608 
3780 26.8597529375 
3781 28.5475102315 
3782 28.0976345809 
3783 24.0175397453 
3784 15.2406524261 
3785 32.7205817112 
3786 -4.08431124455 
3787 18.9478003225 
3788 18.7727932937 
3789 12.9656196378 
3790 27.5473831454 
3791 22.6572689754 
3792 16.804587201 
3793 29.3659513446 
3794 32.0982634784 
3795 17.8708093391 
3796 8.11885628012 
3798 1.90184766215 
3799 28.0297970955 
3800 17.6665689888 
3801 2.96473541302 
3802 0.764482877828 
3803 16.3931652739 
3804 0.292596428728 
3805 0.00405870974887 
3806 26.6734513622 
3807 -2.5587090443 
3808 38.7975119552 
3809 14.3899609295 
3810 23.182126085 
3811 0.935729941275 
3812 20.1608472103 
3813 24.052303303 
3814 24.3086414389 
3815 20.1870488675 
3816 23.0106050126 
3817 26.3593976222 
3818 25.8830582801 
3819 16.7645106867 
3820 18.5219296806 
3821 36.1896986918 
3822 26.1034769691 
3823 30.5882332321 
3824 26.2351891858 
3825 16.8632776618 
3826 22.8487606024 
3827 0.585667540106 
3828 11.9833789227 
3829 20.980459898 
3830 23.1541050208 
3831 25.4220672857 
3832 -0.82266354983 
3833 25.0963101367 
3834 22.6566498999 
3835 21.7762658219 
3836 2.27371465816 
3837 26.7703146749 
3838 26.755653536 
3839 21.2169780578 
3840 13.5947314872 
3841 17.5697528189 
3842 24.6867140712 
3843 22.3318847637 
3844 21.4988220374 
3845 17.1594490997 
3846 23.8297139868 
3847 33.0547195653 
3848 25.7011418017 
3849 23.1028856588 
3850 16.1836235319 
3851 15.2229420246 
3852 25.2382117323 
3853 28.559149246 
3854 2.85037522915 
3855 9.14251784438 
3856 18.8543666469 
3857 31.5181095923 
3858 26.8548971929 
3859 15.7732981268 
3860 20.0019473301 
3861 34.9412397079 
3862 9.98605793029 
3863 36.80731986 
3864 22.359653537 
3865 16.7139642934 
3866 20.0962353701 
3867 19.8125306366 
3868 22.6154588505 
3869 25.3884685669 
3870 25.8309840731 
3871 27.4777935739 
3872 33.5985483444 
3873 18.8498156265 
3874 20.5524452123 
3875 10.0230962962 
3876 -1.38394351716 
3877 36.5325385355 
3878 34.434096351 
3879 21.8083971324 
3880 37.9069675033 
3881 20.1039894058 
3882 18.4264678364 
3883 28.1281025322 
3884 36.6948474127 
3885 27.9266389101 
3886 -0.830094203776 
3887 1.95082295978 
3888 18.3962546751 
3889 20.176353547 
3890 18.5980645108 
3891 11.9626922824 
3892 25.712933732 
3893 10.8168194923 
3894 27.2401089353 
3895 16.6987173148 
3896 21.5024901967 
3897 40.4087635504 
3898 36.3815724811 
3899 3.27858981228 
3900 17.7042561456 
3901 23.8270431986 
3902 27.2075950152 
3903 17.0785845384 
3904 18.7369231997 
3905 23.6684415836 
3906 17.7710202987 
3907 16.8999936467 
3908 14.1451545033 
3909 17.9084880895 
3910 22.9270855562 
3911 13.4250423095 
3912 20.4497889783 
3913 15.9885008193 
3914 21.3325405971 
3915 21.9061139533 
3916 17.3118476073 
3917 21.8977714775 
3918 10.2691412235 
3919 22.323237052 
3920 16.9653452921 
3921 21.4299121551 
3922 2.25081822832 
3923 -3.00713035436 
3924 28.1251015869 
3925 24.7914251959 
3926 22.9522744127 
3927 21.4039554027 
3928 21.6586061109 
3929 23.7250895374 
3930 23.2495797728 
3931 22.4341752089 
3932 29.9615495821 
3933 29.2336175876 
3934 21.5628345111 
3935 17.597844956 
3936 22.0247459747 
3937 17.0353015959 
3938 19.2858992498 
3939 19.2996892809 
3940 21.6016963895 
3941 16.374027494 
3942 14.6152101645 
3943 19.2100857973 
3944 15.6222722247 
3945 17.6851961475 
3946 25.0138708475 
3947 24.7774280424 
3948 18.1108883518 
3949 27.9544650854 
3950 23.0428812654 
3951 23.4308081304 
3952 28.6749522417 
3953 1.9678042237 
3954 39.4594557576 
3955 27.679733068 
3956 26.756203729 
3957 23.7522206097 
3958 29.0671482895 
3959 23.3107131869 
3960 20.1747164851 
3961 28.7948277726 
3962 27.1740045785 
3963 29.3155560097 
3964 28.688064086 
3965 23.6676867093 
3966 16.2478073032 
3967 20.5341224346 
3968 19.9400523433 
3969 25.8640462099 
3970 13.9707950447 
3971 7.70813058412 
3972 16.4753764916 
3973 21.1661517211 
3974 32.7304273838 
3975 22.3582007009 
3976 32.8691638143 
3977 24.5814694867 
3978 32.0642955347 
3979 12.9559611129 
3980 33.2480145304 
3981 11.737261424 
3982 23.1876347356 
3983 34.9011340467 
3984 23.3069307918 
3985 22.5650759 
3986 36.48163749 
3987 26.4164971335 
3988 25.4063856338 
3989 30.9611467878 
3990 25.4019177983 
3991 22.2422269055 
3992 21.2383876185 
3993 2.1781747265 
3994 36.0230616648 
3995 33.3685204133 
3996 18.1658289532 
3997 26.0477563567 
3998 21.8265849685 
3999 19.300375119 
4000 25.2513935314 
4001 28.5808617498 
4002 19.1221235015 
4003 25.1540789007 
4004 23.6081958249 
4005 30.1403321031 
4006 27.4841087804 
4007 26.2393713297 
4008 17.2927721328 
4009 11.4235283588 
4010 21.640684968 
4011 28.0356729608 
4012 20.5728493625 
4013 24.9072253718 
4014 25.8365419501 
4015 16.4978740808 
4016 23.7952107579 
4017 17.6949626972 
4018 18.0119858251 
4019 21.8388389205 
4020 18.2480970324 
4021 18.5608746895 
4022 21.1921371746 
4023 25.2799069145 
4024 27.4388640424 
4025 29.9564560167 
4026 41.7937977168 
4027 21.7659253935 
4028 17.5778965067 
4029 29.0773907931 
4030 16.664536885 
4031 15.5645406977 
4032 18.8702036208 
4033 21.595269813 
4034 12.0968526317 
4035 -2.11180232487 
4036 24.1861968113 
4037 15.5396722466 
4038 27.6193426515 
4040 26.4724681459 
4041 -4.88770999055 
4042 23.0066119071 
4043 30.1548198566 
4044 17.5225562177 
4045 33.9507698261 
4046 19.1244550661 
4047 18.8126001049 
4048 28.0717716215 
4049 21.6406709584 
4050 29.5747162251 
4051 21.5710896775 
4052 19.9824949738 
4053 15.0270780081 
4054 25.0412598701 
4055 14.357330143 
4056 13.801179464 
4057 18.9296143741 
4058 21.7645775979 
4059 13.9955116663 
4060 18.1428394274 
4061 22.3112501726 
4062 30.1582059071 
4063 19.1457342375 
4064 24.6688970215 
4065 25.2635165001 
4066 18.3762855413 
4067 24.6295627938 
4068 12.3663108698 
4069 27.948578889 
4070 21.4875378728 
4071 17.9306683496 
4072 1.27617932684 
4073 18.8574443662 
4074 17.8097823877 
4075 24.536555308 
4076 21.6457187896 
4077 19.2393053519 
4078 14.1369749301 
4079 22.0640573867 
4080 18.2694547749 
4081 21.0113300521 
4082 23.7741776461 
4083 24.8458189777 
4084 19.6862536832 
4085 10.6272987933 
4086 27.67347639 
4087 19.3001087188 
4088 25.8916736829 
4089 15.4593855151 
4090 8.39435480672 
4091 20.4860975908 
4092 15.7252792422 
4093 19.3841309185 
4094 0.719031391838 
4095 24.8752673879 
4096 20.1123016211 
4097 29.2373476997 
4098 22.6309363719 
4099 18.4897781195 
4100 24.5499613775 
4101 23.010763353 
4102 23.9302729723 
4103 28.7071223677 
4104 24.0657291454 
4105 20.4578152933 
4106 33.6921698049 
4107 32.1522728942 
4108 -0.500839386896 
4109 -2.20031926605 
4110 25.4250869306 
4111 36.5315639815 
4112 28.744152913 
4113 20.403370361 
4114 23.2085826989 
4115 28.5570662159 
4116 22.4236599158 
4117 12.1758960491 
4118 28.045653617 
4119 21.7713720798 
4120 19.8677502317 
4121 20.0021130507 
4122 20.6950576044 
4123 26.0597172278 
4124 27.8341451162 
4125 20.9708817144 
4126 14.6543989068 
4127 22.9234617435 
4128 25.3879230883 
4129 27.6892238976 
4130 23.3229562859 
4131 31.0884386175 
4132 23.5900016681 
4133 28.687717856 
4134 26.64846595 
4135 3.34237414558 
4136 23.4990947797 
4137 40.3869047254 
4138 22.7713835743 
4139 21.3739414924 
4140 23.8636302071 
4141 17.3698546288 
4142 17.1369236446 
4143 25.8379935074 
4144 36.3869944727 
4145 27.716691465 
4146 21.109481563 
4147 24.2661165153 
4148 17.1464469993 
4149 16.7777569229 
4150 20.6019894826 
4151 -0.762045809862 
4152 32.5072994122 
4153 1.00897132964 
4154 16.704716663 
4155 17.0136098527 
4156 -0.982052906898 
4157 12.8991572205 
4158 31.358441177 
4159 21.1047488698 
4160 16.6885100993 
4161 23.940960802 
4162 -0.461001871421 
4163 19.5939652151 
4164 22.4233690707 
4165 39.2329778148 
4166 8.86568739329 
4167 20.5317754585 
4168 23.3305772884 
4169 30.8681870539 
4170 1.85567999106 
4171 23.8062561266 
4172 12.7471500212 
4173 21.7261433651 
4174 22.8264165498 
4175 19.2962907273 
4176 18.224866253 
4177 16.8379290868 
4178 20.6492730895 
4179 17.5022832485 
4180 20.5115114783 
4181 35.7071588007 
4182 37.1956095395 
4183 13.9886416797 
4184 26.5924109731 
4185 18.9430845206 
4186 28.4544379315 
4187 20.1782489883 
4188 24.9882543072 
4189 17.9626107512 
4190 20.4554441521 
4191 25.3854215213 
4192 18.1595246611 
4193 33.7273252494 
4194 23.4202010626 
4195 10.4901436282 
4196 24.3906499181 
4197 26.0293772268 
4198 36.0257894901 
4199 33.7625578834 
4200 3.5076515763 
4201 11.7905199117 
4202 21.9671453766 
4203 18.1638578283 
4204 13.6714571106 
4205 25.7695800663 
4206 31.0270098007 
4207 14.0565747721 
4208 26.7024944993 
4209 14.8300473607 
4210 18.7792310322 
4211 28.7949500424 
4212 28.549175696 
4213 23.1695685523 
4214 18.3278098145 
4215 22.803075391 
4216 22.3860340586 
4217 27.8691158021 
4218 16.8245353733 
4219 25.3619237588 
4220 20.9600107478 
4221 23.7761111692 
4222 21.2280795457 
4223 25.1502456034 
4224 14.5636192221 
4225 13.0208407264 
4226 19.5189546446 
4227 12.880977519 
4228 2.53117972252 
4229 21.2370638026 
4230 14.7239543316 
4231 29.6024133932 
4232 20.1352089189 
4233 20.5252098285 
4234 37.7220314071 
4235 24.8566518885 
4236 24.8683884407 
4237 16.0201479404 
4238 31.5741403732 
4239 25.255926345 
4240 15.7723420766 
4241 26.7246549382 
4242 3.08016460716 
4243 26.622137117 
4244 23.4329651315 
4245 22.5246595492 
4246 42.5839809627 
4247 25.0525746711 
4248 20.9733102849 
4249 26.7954768785 
4250 1.34386634179 
4251 24.0735470374 
4252 22.0755296679 
4253 22.053529488 
4254 27.8455428904 
4255 9.4316955516 
4256 29.4385140108 
4257 18.7054616501 
4258 26.2017026899 
4259 9.49178086149 
4260 21.6540935526 
4261 36.5850315132 
4262 28.2879050144 
4263 22.5222675 
4264 28.5411356124 
4265 -0.921130743807 
4266 23.643753377 
4267 27.7233645357 
4268 2.59951004199 
4269 22.0002990069 
4270 21.4140177317 
4271 21.8155571381 
4272 27.1251398571 
4273 20.9777657167 
4274 22.1599715666 
4275 17.4719804151 
4276 14.2408707236 
4277 12.0178443492 
4278 0.290917812942 
4279 -0.586655675119 
4280 18.1483420122 
4281 17.6369664534 
4282 8.18857320726 
4283 25.9984374974 
4284 15.496234795 
4285 16.8327611274 
4286 15.0976724751 
4287 12.9351870459 
4288 23.9235181018 
4289 26.8253018867 
4290 3.36174622556 
4291 23.9889476115 
4292 1.0096665239 
4293 19.4811935355 
4294 -0.700155251767 
4295 18.5892404897 
4296 12.1281811973 
4297 16.3795301268 
4298 28.7521494582 
4299 14.3470974564 
4300 24.5178182417 
4301 24.6464244683 
4302 30.2733054057 
4303 20.8193543804 
4304 16.8875260875 
4305 11.9605150816 
4306 18.6641557481 
4307 19.512547586 
4308 17.3139693076 
4309 1.1417571501 
4310 20.5956394527 
4311 23.6634241826 
4312 2.23882065938 
4313 28.3705462466 
4314 20.7267471202 
4315 18.5118781516 
4316 18.969925458 
4317 13.1338330424 
4318 -2.88034628642 
4319 24.127047303 
4320 9.07759864534 
4321 30.5044025694 
4322 24.2063116438 
4323 21.3817130995 
4324 19.1327509513 
4325 -1.2959161898 
4326 21.3877748885 
4327 29.1688376402 
4328 24.343952927 
4329 12.0861649494 
4330 32.7422038619 
4331 32.4703375186 
4332 19.486212331 
4333 19.8035813819 
4334 31.3605478413 
4335 16.4387931124 
4336 16.3173695129 
4337 31.7024225715 
4338 31.4731319946 
4339 30.9379894775 
4340 19.8998205815 
4341 18.4347309504 
4342 35.5880096584 
4343 16.1368554322 
4344 24.6452018632 
4345 30.9972563418 
4346 21.2240864991 
4347 29.2350316674 
4348 31.44974169 
4349 -2.11425209252 
4350 22.3225391006 
4351 28.1470395931 
4352 15.0061895233 
4353 15.9751294521 
4354 25.392859035 
4355 18.6310389511 
4356 20.9411296654 
4357 32.9348077475 
4358 32.969645274 
4359 13.9179015814 
4360 1.56812207516 
4361 25.6746147916 
4362 19.379138471 
4363 21.031254089 
4364 26.0545516763 
4365 19.3234140713 
4366 26.8954831524 
4367 16.2621373946 
4368 28.5561036452 
4369 20.120228286 
4370 18.3651616486 
4371 25.6743768793 
4372 22.9443902561 
4373 19.6582729155 
4374 17.0156583591 
4375 24.5425212166 
4376 32.4952438094 
4377 18.6082517002 
4378 22.2219029345 
4379 23.5456197219 
4380 21.7662396624 
4381 32.0525120403 
4382 26.2464988956 
4383 1.56525034223 
4384 29.6700194958 
4385 22.6351268339 
4386 27.7576821769 
4387 23.1012635634 
4388 14.6610971231 
4389 30.8610201129 
4390 22.6777847082 
4391 26.3569460911 
4392 40.4822505581 
4393 29.6724071375 
4394 15.4083175905 
4395 18.6772476132 
4396 19.7136146963 
4397 27.4081735304 
4398 23.4350245313 
4399 26.4457655673 
4400 27.7101670908 
4401 11.292303335 
4402 34.7070987069 
4403 19.5417072568 
4404 34.0165798848 
4405 34.5021783109 
4406 19.0269970323 
4407 22.8479837723 
4408 25.7828576029 
4409 23.1982532984 
4410 23.6672193056 
4411 12.2318572475 
4412 20.2820325237 
4413 26.0305488305 
4414 18.6410829644 
4415 22.7068071186 
4416 -0.857726754466 
4417 17.9785973426 
4418 16.2904806837 
4419 21.0750048595 
4420 23.7099417619 
4421 20.1461576173 
4422 20.1645373048 
4423 17.8313796904 
4424 15.9808827923 
4425 28.2088294068 
4426 20.3356924679 
4427 23.1546203919 
4428 18.6140045529 
4429 26.0018034498 
4430 23.7669336842 
4431 21.5795614854 
4432 25.6676812179 
4433 21.5617641333 
4434 25.5651082336 
4435 25.7235163308 
4436 20.6790007876 
4437 22.7816403096 
4438 26.0959861723 
4439 23.6921530201 
4440 21.7025308555 
4441 18.6993238005 
4442 20.6763436127 
4443 2.28981054163 
4444 18.3486593036 
4445 8.69150898275 
4446 29.3124356533 
4447 30.5129785849 
4448 27.7803049423 
4449 25.010130265 
4450 22.7920606504 
4451 22.8664891222 
4452 32.0301436169 
4453 22.405444962 
4454 38.8787853278 
4455 3.27917052876 
4456 16.728185917 
4457 18.1893277857 
4458 0.867848205623 
4459 -1.9819569246 
4460 32.0316339206 
4461 21.0170554463 
4462 17.1039586592 
4463 37.2508037404 
4464 23.2637784593 
4465 22.2827492806 
4466 31.3564637748 
4467 34.7281892176 
4468 -0.0249428720418 
4469 17.2816269738 
4470 23.7677573735 
4471 35.2570310778 
4472 17.6994299509 
4473 29.8912531932 
4474 0.453721140296 
4475 10.717601895 
4476 21.6704204772 
4477 25.3603584828 
4478 19.590013169 
4479 18.1137334215 
4480 37.0131119795 
4481 21.7209219361 
4482 2.09498449172 
4483 0.156629543031 
4484 31.5406064691 
4485 19.1445436813 
4486 22.7316634626 
4487 22.1195255325 
4488 20.3576917564 
4489 33.0909332202 
4490 24.3899399395 
4491 13.4647224046 
4492 16.2292346739 
4493 21.6692304206 
4494 21.4549303936 
4495 23.2877328894 
4496 21.6827247575 
4497 18.9888726461 
4498 30.7627627545 
4499 21.0809100031 
4500 20.1486512087 
4501 27.6103457496 
4502 17.6658429175 
4503 13.9345063044 
4504 22.041107732 
4505 20.7472046351 
4506 22.5941923161 
4507 13.5010115801 
4508 26.1296279369 
4509 21.5944102114 
4510 39.6685845828 
4511 -3.12412760879 
4512 20.4561499719 
4513 0.464528394245 
4514 23.395873879 
4515 29.6843978612 
4517 25.1593303029 
4518 12.0673988214 
4519 18.2227800923 
4520 34.4313033838 
4521 39.6121389918 
4522 33.9958992279 
4523 18.1271188132 
4524 16.2858172024 
4525 29.4795138891 
4526 15.5401628974 
4527 0.636334006257 
4528 19.312162486 
4529 10.1089543589 
4530 25.3570990899 
4531 28.6573015088 
4532 24.9969643793 
4533 26.5253859482 
4534 32.961439094 
4535 29.3815416907 
4536 23.5209062366 
4537 24.5921069715 
4538 24.042872313 
4539 25.0749720247 
4540 21.2351297276 
4541 -1.07074426576 
4542 23.5477516212 
4543 35.0332719315 
4544 28.5836582934 
4545 17.0885054668 
4546 24.3465231988 
4547 17.1556893492 
4548 18.8415002865 
4549 25.0395500438 
4550 29.8997070684 
4551 19.8470046741 
4552 31.9229636737 
4553 13.936901891 
4554 29.9387862599 
4555 21.0766527075 
4556 24.5620488681 
4557 24.5910123237 
4558 20.9687629031 
4559 19.1491338577 
4560 23.3384463135 
4561 24.854266123 
4562 31.1520531837 
4563 20.5618318688 
4564 1.1745679117 
4565 25.9059140197 
4566 24.9590847937 
4567 21.9480479869 
4568 22.9528633144 
4569 29.7416047228 
4570 18.3221628509 
4571 27.840241432 
4572 23.5106266135 
4573 29.1694723964 
4574 20.0836308874 
4575 30.7662593084 
4576 28.9138654149 
4577 16.0891282825 
4578 23.7172898048 
4579 32.7817423492 
4580 12.9220258454 
4581 18.7923419936 
4582 20.738378627 
4583 21.4422997112 
4584 23.184938455 
4585 34.2923059871 
4586 34.2668396921 
4587 21.4393071899 
4588 25.7676710775 
4589 21.8000557331 
4590 19.6374944756 
4591 27.2427450138 
4592 1.54096095486 
4593 15.9550466003 
4594 -1.69982161726 
4595 23.1552182879 
4596 21.6426439374 
4597 29.4816026549 
4598 27.7056505753 
4599 20.2855209644 
4600 18.1903833903 
4601 30.1419604097 
4602 12.2559868163 
4603 25.9776282268 
4604 23.8623964312 
4605 35.3222995183 
4606 20.452920262 
4607 0.701948216507 
4608 0.7832864842 
4609 23.7960098279 
4610 19.4264299125 
4611 14.5723345565 
4612 26.6891813933 
4613 24.5000760788 
4614 21.1264510163 
4615 14.1888448434 
4616 16.0091331936 
4617 37.1030430502 
4618 23.5970376508 
4619 18.7733941806 
4620 21.1628325653 
4621 25.0216763337 
4622 25.4991561291 
4623 25.6272225084 
4624 31.4570624398 
4625 21.0799318966 
4626 19.8954088231 
4627 -3.70135178637 
4628 22.4544438426 
4629 19.2286703668 
4630 1.97179036558 
4631 24.1626360648 
4632 15.6107382547 
4633 22.4115075139 
4634 11.111536729 
4635 1.78033219173 
4636 18.019704277 
4637 -0.515282609591 
4638 19.8617197419 
4639 18.4197339422 
4640 24.6462052638 
4641 20.1865282942 
4642 21.5375880813 
4643 0.357819635401 
4644 20.3903275971 
4645 23.2620345953 
4646 37.6792998757 
4647 35.046477776 
4648 1.31939183229 
4649 23.0534708676 
4650 2.78995331442 
4651 26.408620614 
4652 26.2380210077 
4653 22.3140540107 
4654 0.745410596705 
4655 0.247683168042 
4656 20.4230887833 
4657 22.22050024 
4658 16.6909466316 
4659 34.4287977205 
4660 19.0724362238 
4661 31.6365428465 
4662 28.6569048283 
4663 1.17974132237 
4664 18.563304848 
4665 4.02365834187 
4666 24.5935186398 
4667 22.7054694323 
4668 17.8281420868 
4669 -2.1948808145 
4670 33.6209403423 
4671 22.7053496978 
4672 21.3591200586 
4673 2.15459173615 
4674 22.0176979253 
4675 21.1583301523 
4676 21.7632682572 
4677 26.520367941 
4678 21.6786592479 
4679 26.6078377644 
4680 15.1655346099 
4681 -0.225927224603 
4682 33.3144125128 
4683 0.617098599244 
4684 18.1515585212 
4685 22.3846875077 
4686 27.4056244063 
4687 2.02880698892 
4688 18.1629949857 
4689 18.4613045034 
4690 25.0861920787 
4691 26.5235187069 
4692 22.2444165015 
4693 17.603204967 
4694 25.1593240297 
4695 17.3077035797 
4696 20.3575822244 
4697 17.7261774726 
4698 0.540904774422 
4699 22.3604454388 
4700 -2.82106299007 
4701 28.6992875332 
4702 28.9427431328 
4703 20.985749047 
4704 24.4120982991 
4705 15.9916562246 
4706 14.5201868933 
4707 27.0652171972 
4708 23.1236211694 
4709 28.6546370113 
4710 39.6758904875 
4711 20.1736775677 
4712 18.5411116121 
4713 26.1695049625 
4714 19.9916613906 
4715 18.5359332854 
4716 2.81890771561 
4717 23.9594400875 
4718 21.336710276 
4719 27.9089120859 
4720 20.5432056582 
4721 24.1689590742 
4722 23.8244754292 
4723 34.2482344336 
4724 24.6064078075 
4725 25.7774116956 
4726 20.9076115281 
4727 16.9666052965 
4728 27.2759525401 
4729 30.2947228404 
4730 -1.42030760642 
4731 29.0690903866 
4732 20.468645179 
4733 20.1946105992 
4734 18.0357835728 
4735 17.7613279027 
4736 18.3548558978 
4737 12.9479965816 
4738 28.0747632904 
4739 23.8043026664 
4740 -0.60300287034 
4741 20.198597236 
4742 23.5382564748 
4743 12.6400735896 
4744 1.78461335095 
4745 12.5125281805 
4746 22.6267476999 
4747 -1.72666212901 
4748 22.7348033526 
4749 29.9853024163 
4750 -1.66279467434 
4751 18.1001571267 
4752 16.5332020879 
4753 20.6966108751 
4754 26.111653797 
4755 23.7633310018 
4756 32.7314267074 
4757 41.8544953767 
4758 18.0256556113 
4759 20.7416662416 
4760 23.5623978024 
4761 15.3296966486 
4762 21.7813739929 
4763 26.4246182808 
4764 24.820490105 
4765 15.2405761661 
4766 24.85687904 
4767 21.2126357274 
4768 13.0391373106 
4769 20.8571017613 
4770 13.559374467 
4771 20.4546069319 
4772 15.4647744859 
4773 18.0884048554 
4774 32.3819029228 
4775 27.0201221784 
4776 14.0775130482 
4777 22.2869716172 
4778 20.8021525112 
4779 20.1613116074 
4780 22.6972578136 
4782 11.3041935972 
4783 29.7626175481 
4784 18.0157958548 
4785 25.0447904713 
4786 30.6787466092 
4787 15.0520425643 
4788 14.4581273122 
4789 23.1064010658 
4790 17.9922385073 
4791 27.5443055462 
4792 20.0595786271 
4793 18.0807357669 
4794 21.4661110373 
4795 17.1729387033 
4796 17.8323459377 
4797 27.4471341402 
4798 21.2948644156 
4799 14.1128316288 
4800 14.2453010506 
4801 18.3276752996 
4802 25.2205026141 
4803 22.0638918543 
4804 24.3057009977 
4805 25.4843063961 
4806 13.7074625777 
4807 23.5817594201 
4808 33.5603086728 
4809 25.6797931579 
4810 27.3322606676 
4811 26.9004069671 
4812 15.086939836 
4813 25.3680488253 
4814 19.9778479289 
4815 24.0146706891 
4816 27.3840865651 
4817 26.5509635157 
4818 18.4567511756 
4819 22.5979027772 
4820 16.360241588 
4821 23.3359733441 
4822 23.3946439644 
4823 18.7714473605 
4824 30.0429617657 
4825 37.593691414 
4826 -1.06649966546 
4827 20.4319202262 
4828 24.2239339598 
4829 21.2544309156 
4830 18.3384817398 
4831 14.9272464953 
4832 28.6404363871 
4833 31.706918165 
4834 21.9586141942 
4835 16.078941169 
4836 21.344192335 
4837 28.6752513531 
4838 17.1979262862 
4839 21.4537197861 
4840 21.3322843951 
4841 22.7776454053 
4842 27.750908499 
4843 23.9797038534 
4844 24.0730881134 
4845 20.8972848521 
4846 9.49592091361 
4847 25.2855933333 
4848 34.2628449773 
4849 13.0272170234 
4850 18.4196500977 
4851 26.5866742352 
4852 19.9802193517 
4853 16.2221978595 
4854 -0.935697109518 
4855 20.0324304833 
4856 21.3718740295 
4857 19.3827738023 
4858 37.2756024069 
4859 32.79870377 
4860 29.5023180924 
4861 32.4228202105 
4862 27.9346841952 
4863 30.3328297179 
4864 26.4580863976 
4865 21.0173299149 
4866 28.3944098357 
4867 27.606068437 
4868 18.9290094508 
4869 29.1597813328 
4870 -1.1321943534 
4871 25.2666479007 
4872 36.15630002 
4873 24.5443243398 
4874 25.5162377827 
4875 26.0686620095 
4876 28.865340156 
4877 32.5842962876 
4878 25.396263248 
4879 37.0660050351 
4880 21.9705005546 
4881 32.7874079529 
4882 18.5385545272 
4883 22.8132661754 
4884 21.8304663854 
4885 16.1812751832 
4886 2.56315294819 
4887 21.9537932061 
4888 31.1306386658 
4889 18.9244616246 
4890 1.82530143979 
4891 20.4816600275 
4892 18.6873442866 
4893 28.1376031892 
4894 20.9838288087 
4895 17.667125269 
4896 27.7173771955 
4897 25.613909714 
4898 17.5057358001 
4899 23.5959156822 
4900 22.3199416474 
4901 27.2880824628 
4902 34.5161903007 
4903 22.5258662079 
4904 10.6990663598 
4905 18.7275206829 
4906 19.2778364696 
4907 3.55177604239 
4908 -1.20163173721 
4909 16.0694140551 
4910 34.6185984824 
4911 20.0267218301 
4912 26.2159796593 
4913 35.3143763214 
4914 21.8152450619 
4915 20.845712753 
4916 27.6740147098 
4917 23.6495379177 
4918 22.3775284284 
4919 25.6425456931 
4920 22.2999577903 
4921 21.2034751563 
4922 19.877959275 
4923 22.7268124362 
4924 19.9747097382 
4925 25.8167830605 
4926 25.362576058 
4927 26.5396797087 
4928 15.6488980745 
4929 26.2996695617 
4930 18.2614271843 
4931 19.4411526369 
4932 29.2677288125 
4933 15.9330973735 
4934 22.4398699164 
4935 14.6505856551 
4936 28.8091593424 
4937 28.9337932354 
4938 24.076489674 
4939 2.805176282 
4940 27.7738545459 
4941 33.4635492903 
4942 29.1434348261 
4943 19.126146344 
4944 34.1008340015 
4945 22.9172354553 
4946 12.1830655269 
4947 31.636509739 
4948 35.6695364179 
4949 16.7165982341 
4950 22.9963734061 
4951 27.4412525059 
4952 17.6968681862 
4953 1.89216980136 
4954 3.68676876676 
4955 1.01678721647 
4956 26.0732451072 
4957 33.5020435164 
4958 22.9773210965 
4959 21.5554117252 
4960 38.5101960126 
4961 36.2513223082 
4962 22.0154022523 
4963 12.9779393438 
4964 13.3048075078 
4965 26.5375455765 
4966 13.995539401 
4967 21.0630120288 
4968 31.0039308366 
4969 13.9753536935 
4970 23.452801725 
4971 21.0089686775 
4972 14.9331388141 
4973 25.1322417326 
4974 23.0180576123 
4975 15.2275183059 
4976 30.7366267001 
4977 3.56035919346 
4978 18.5521989767 
4979 22.0979715999 
4980 -4.80595779219 
4981 1.72736173647 
4982 23.7212657835 
4983 22.080514957 
4984 19.9679649716 
4985 -2.7099921808 
4986 17.2766905212 
4987 22.0405581072 
4988 25.7651508901 
4989 2.91394252635 
4990 0.309394711089 
4991 19.8113169434 
4992 25.7462702646 
4993 24.1641489683 
4994 21.9527338426 
4995 24.1869593446 
4996 26.3619710271 
4997 28.1103336594 
4998 26.4845731484 
4999 27.4100807741 
