0 16.7396717068 
1 26.6517202717 
2 26.6114948009 
3 18.6822808102 
4 18.476810546 
5 18.3752980967 
6 21.4695137741 
7 24.772203953 
8 20.1308730876 
9 27.084272229 
10 24.7656057663 
11 24.6227576517 
12 21.7451142624 
13 24.1179979507 
14 21.9830984068 
15 14.3231046136 
16 20.6557104978 
17 19.0385810731 
18 19.6024956991 
19 22.27394051 
20 22.5436189527 
21 18.911004228 
22 24.2611097251 
23 17.8807711084 
24 24.1777485473 
25 25.8267948511 
26 22.8704660904 
27 25.5861443684 
28 20.0553346621 
29 21.2278948244 
30 24.1508096603 
31 27.3175501255 
32 20.9303178007 
33 22.5373210199 
34 18.9424417006 
35 17.2338420158 
36 26.0166552325 
37 18.8976024194 
38 23.960491392 
39 24.1694053596 
40 22.7591418964 
41 21.624161286 
42 20.7807011337 
43 17.6810704761 
44 19.6618424771 
45 18.4553998702 
46 24.4554893339 
47 23.5236346671 
48 17.6084045547 
49 22.4120338641 
50 27.1512593937 
51 23.1510397253 
52 21.8999260139 
53 25.1303155583 
54 23.3870929561 
55 20.4063899369 
56 17.4819660308 
57 26.7940045978 
58 14.1301459478 
59 22.1889374853 
60 23.0092783899 
61 17.9971182714 
62 25.1248988097 
63 18.5038752798 
64 33.3913672998 
65 18.0006289704 
66 11.8724134874 
67 22.9220914546 
68 16.8748676289 
69 27.3031587671 
70 25.7692844502 
71 1.86005729406 
72 14.8272609676 
73 22.3316836214 
74 17.9771027403 
75 27.3979464622 
76 19.5948096132 
77 27.1463657934 
78 20.6152071056 
79 21.7309597023 
80 21.5072738571 
81 22.1869121042 
82 27.0086372298 
83 29.5378637544 
84 22.0469619373 
85 20.6823709559 
86 18.5296592343 
87 25.6023622559 
88 26.9497307253 
89 23.1400437359 
90 22.7713775871 
91 27.7144152907 
92 21.8469439783 
93 22.2707618061 
94 24.2990946361 
95 21.482584336 
96 23.3979563014 
97 25.1735066201 
98 0.700955423251 
99 25.8448256221 
100 18.2888300877 
101 23.5879594586 
102 27.2234570034 
103 13.5141921239 
104 25.2035049377 
105 19.6599249247 
106 26.6907388743 
107 18.24072726 
108 35.1489068747 
109 20.2836213126 
110 19.0218588883 
111 22.5122722287 
112 17.675854659 
113 21.6570429829 
114 19.0370319617 
115 20.4137049778 
116 14.9560706735 
117 22.9019542284 
118 20.1526472566 
119 -0.31638526951 
120 25.0762251003 
121 22.9097812906 
122 20.1527266962 
123 18.0163552227 
124 20.0051813705 
125 18.0470974424 
126 19.6561523941 
127 21.7293951201 
128 23.8455033611 
129 22.6217471683 
130 21.5608129825 
131 16.9928775744 
132 26.3911329513 
133 21.3789651406 
134 20.4065805332 
135 13.3010179947 
136 29.0414147816 
137 23.5308926431 
138 30.0219939482 
139 25.0348883169 
140 22.9055138698 
141 23.9367724778 
142 17.1607537597 
143 19.4393601504 
144 14.7695405922 
145 20.6130424705 
146 19.2899169621 
147 21.3082001959 
148 24.0820259686 
149 23.3447802148 
150 20.668040521 
151 20.4151090932 
152 37.9512383847 
153 22.9416936183 
154 26.1769524874 
155 21.6468425441 
156 20.7842453513 
157 26.0962589482 
158 27.7102221741 
159 24.2158787147 
160 24.1651879319 
161 24.0886009745 
162 20.3840911767 
163 19.9561830351 
164 21.253877706 
165 25.2014512458 
166 20.0916740944 
167 21.155401441 
168 20.3134056752 
169 24.349107015 
170 22.4537081084 
171 16.9359757358 
172 25.5736063992 
173 27.3731865791 
174 20.9641664563 
175 16.2912956418 
176 24.2811551401 
177 16.9759594005 
178 15.0865218225 
179 23.5305245821 
180 17.7115002015 
181 20.237549924 
182 23.2541676075 
183 21.2363591377 
184 28.9460281679 
185 18.453397598 
186 21.3033180494 
187 21.9848192772 
188 20.1988653588 
189 20.8402664177 
190 26.2735534336 
191 26.5172966271 
192 19.953642178 
193 26.8304212024 
194 24.1156864463 
195 16.8604063888 
196 23.2213033251 
197 24.0481547755 
198 21.9711007788 
199 23.7819408168 
200 30.5066888301 
201 23.3787081194 
202 22.6252214975 
203 15.6222943942 
204 26.7134796475 
205 26.239652555 
206 19.1474317833 
207 25.9637854981 
208 18.7912696604 
209 23.1496150589 
210 25.3720975628 
211 24.9458740981 
212 27.4346105787 
213 16.8096053151 
214 22.6722035277 
215 21.9837346755 
216 19.9083477316 
217 31.3340806941 
218 22.0393350374 
219 30.6443296628 
220 18.7019140306 
221 15.9259632804 
222 21.2237354512 
223 24.5987823712 
224 26.8789123984 
225 24.0701899828 
226 19.628951178 
227 20.4476078403 
228 24.9204661341 
229 19.0741112865 
230 22.8203452947 
231 21.5654202283 
232 23.9575357012 
233 28.2448183394 
234 22.460663397 
235 23.6821754877 
236 18.8450917608 
237 22.9433817116 
238 21.0411081545 
239 22.5844699217 
240 20.8403229945 
241 25.9899474267 
242 26.1826620297 
243 19.3590685903 
244 30.385441779 
245 36.157869797 
246 22.9110239968 
247 18.3195705698 
248 25.5604127596 
249 25.1605169691 
250 21.511907424 
251 25.95070778 
252 23.6536843696 
253 24.4410151097 
254 25.1128518408 
255 28.0859519013 
256 14.5676167464 
257 16.2795424757 
258 13.7570197265 
259 24.8166613918 
260 22.9104242324 
261 15.8873350688 
262 24.2275735834 
263 28.5281798329 
264 16.9211764058 
265 21.4809028819 
266 26.5294994784 
267 18.6581066209 
268 24.7176478449 
269 23.3110337722 
270 21.2863971594 
271 19.6027286755 
272 21.256904975 
273 24.976703344 
274 20.9778607457 
275 25.0270894171 
276 29.514409943 
277 13.6479247829 
278 21.7586395011 
279 22.2217772862 
280 20.6069797702 
281 21.2681226909 
282 17.6621957303 
283 22.8791012259 
284 24.8466709086 
285 25.8833213023 
286 19.5313031894 
287 26.5502358636 
288 19.744478282 
289 22.4805854361 
290 23.7322634321 
291 24.9312864725 
292 17.8491902933 
293 22.5753590189 
294 22.7906084307 
295 18.470246976 
296 26.1982558946 
297 27.5436429941 
298 13.4294529397 
299 17.585663434 
300 23.8377356312 
301 27.7399240616 
302 20.9035350935 
303 19.6986093919 
304 30.2091699637 
305 23.8475507974 
306 23.9886869512 
307 23.8024194158 
308 26.193995258 
309 14.8170610247 
310 18.869594169 
311 22.2724255449 
312 20.279238376 
313 23.3226278665 
314 23.4205791024 
315 23.3221157134 
316 24.0069152219 
317 33.150953062 
318 20.7282209544 
319 23.0039320804 
320 28.6066724938 
321 20.9412717057 
322 15.5428109296 
323 21.69891022 
324 22.6851104752 
325 16.2484357898 
326 36.8338573965 
327 22.5588624705 
328 16.7911322535 
329 21.4957718043 
330 15.2761684201 
331 20.9717289442 
332 18.1740531463 
333 18.9139240298 
334 17.1644974534 
335 29.0997686202 
336 28.5911722915 
337 24.7603725753 
338 25.0804675368 
339 25.0160700626 
340 32.2365575595 
341 21.4970959124 
342 24.468785239 
343 29.5962099674 
344 22.321538221 
345 22.3115760258 
346 26.7700336774 
347 16.8010751144 
348 21.7096613989 
349 25.0285586046 
350 22.2384012989 
351 19.0995089912 
352 22.8864761846 
353 32.26594459 
354 21.3029653211 
355 23.4628370583 
356 26.1191907835 
357 30.4079572956 
358 27.5922857432 
359 16.9872088535 
360 27.1312860673 
361 20.3059771968 
362 22.9382556791 
363 27.6119519021 
364 18.6669206476 
365 22.0149621631 
366 24.2879663548 
367 13.9387806574 
368 23.8400355529 
369 21.9055943161 
370 20.2002500187 
371 21.3355523802 
372 26.1223649449 
373 24.4980571177 
374 19.9387756354 
375 21.5092493939 
376 25.4386453217 
377 22.8027408482 
378 18.2124518193 
379 15.7012701162 
380 23.1295880272 
381 22.5069878517 
382 22.172643081 
383 25.9360467418 
384 22.4556908159 
385 18.5432848027 
386 26.2517920323 
387 21.4165797 
388 31.3715784345 
389 18.2106695335 
390 22.4382858013 
391 20.6126009046 
392 22.9731439769 
393 25.4738901892 
394 20.1960642594 
395 23.0282771145 
396 22.3889321357 
397 21.5745858889 
398 18.069614263 
399 16.752631782 
400 22.3010772924 
401 27.6359247248 
402 17.6911803987 
403 24.8372462296 
404 20.8847263824 
405 25.1328494651 
406 21.7351699365 
407 22.2729980265 
408 21.1712403405 
409 25.3752578838 
410 20.866137836 
411 1.60286219161 
412 21.5636264807 
413 21.5531166068 
414 20.8203113287 
415 31.8174165977 
416 20.3316332784 
417 30.8581075653 
418 26.0844850446 
419 19.0491252681 
420 22.4424686108 
421 22.9824437834 
422 0.964779877733 
423 14.6450472526 
424 21.1421030218 
425 23.4431478443 
426 28.7787928838 
427 28.9663179797 
428 22.7083330538 
429 22.6406922942 
430 13.9944369689 
431 25.7448309244 
432 24.3231244615 
433 25.888662172 
434 15.9872508258 
435 18.5577563549 
436 23.8094473995 
437 22.3668679334 
438 23.1843456424 
439 26.3609958156 
440 18.733622255 
441 21.2264708453 
442 21.1971999867 
443 23.0637337018 
444 23.0093094264 
445 22.7088073511 
446 23.7335093262 
447 19.0365528731 
448 21.5398733629 
449 29.19655781 
450 21.0875665235 
451 14.0961875701 
452 21.4831078213 
453 25.2126681817 
454 27.3811691832 
455 20.8027009204 
456 21.579865629 
457 20.7411137266 
458 15.5839258594 
459 16.8586728114 
460 17.7934186638 
461 17.8447231835 
462 29.8207621148 
463 36.0435644914 
464 19.2569992275 
465 19.1718995404 
466 21.9113824015 
467 26.8905183236 
468 16.3163749531 
469 29.9840287045 
470 20.8031208718 
471 26.1007510326 
472 23.8816020105 
473 22.2408287778 
474 25.0826402399 
475 2.46100115051 
476 17.1223653176 
477 21.248691131 
478 22.3667413334 
479 26.8381457131 
480 35.3733626323 
481 17.9912197923 
482 20.1445460639 
483 25.3282705304 
484 25.4234254822 
485 24.4614867518 
486 22.1733144302 
487 21.6227198455 
488 21.64912672 
489 23.5653173766 
490 25.0705003445 
491 21.587843994 
492 25.1584331283 
493 21.4062956663 
494 18.0404603145 
495 34.0715207633 
496 23.7916194891 
497 17.4142448368 
498 28.8223199951 
499 23.3513807125 
