877 8
1164 5
815 8
146 4
2882 6
1579 5
1901 6
166 6
2137 7
45 5
1260 7
836 5
2996 5
2419 2
2839 8
652 4
169 8
2392 5
2754 8
1242 7
2765 6
1259 6
917 7
1442 6
2080 6
325 5
283 7
1771 5
2223 7
1892 5
167 6
1740 8
2230 5
1641 6
698 6
116 7
1721 5
1214 8
1483 5
559 8
2417 6
893 7
545 4
2202 7
2635 7
2638 5
786 7
761 5
867 6
1973 6
1693 7
159 8
2136 7
939 7
1639 5
767 8
2505 8
1809 6
2173 5
1652 7
1537 5
1088 7
1063 5
1977 7
1237 5
1278 6
2182 6
2483 6
2609 5
2874 7
2364 4
2542 7
2051 6
951 7
1078 7
1696 6
2411 7
528 6
475 7
2150 6
2160 8
2624 5
2376 7
413 6
2643 7
1495 6
141 7
2776 7
1060 6
2730 4
1368 8
2902 9
1668 4
2956 6
113 5
1733 4
2429 6
277 5
2558 7
619 5
646 8
1964 7
1335 7
512 7
1720 6
2847 6
2180 5
636 8
557 4
1212 6
64 4
2426 8
495 6
2687 7
1629 5
2904 6
1299 4
420 6
2889 5
539 5
1052 7
1211 4
15 7
1306 5
306 5
503 5
1564 9
1054 6
2476 7
1837 4
161 7
1637 5
1559 8
1301 5
2185 8
2084 5
1431 6
812 6
271 8
2533 6
1113 7
1258 6
2357 5
1443 6
2712 6
39 5
2987 8
809 7
1159 8
2340 5
2353 8
1142 6
1978 7
1840 6
2825 7
1267 4
473 5
1628 6
1989 9
36 6
2520 8
1426 7
2819 9
2070 6
838 7
193 6
602 8
1880 8
829 7
2747 7
2393 6
2461 8
604 7
2742 5
2503 6
2094 6
180 4
1451 7
2457 6
1990 7
2195 6
2529 7
791 7
814 7
397 6
965 7
2318 4
2919 5
2454 5
831 7
2517 5
1413 8
706 7
2574 8
1014 5
266 8
1342 7
118 7
1079 6
1102 5
2265 8
47 5
326 7
2994 5
1711 7
614 8
10 8
1340 4
1008 7
1247 7
542 6
136 4
2028 7
1048 6
2188 7
1669 6
522 6
2912 5
2629 7
1436 5
2736 7
1490 5
2708 6
2352 5
2245 7
297 6
1631 7
328 5
505 7
1009 4
2324 7
294 6
1123 4
744 8
1405 7
1820 8
243 5
1246 8
1833 6
859 5
1004 5
2849 5
1934 8
2666 6
734 8
1487 4
434 5
1151 7
2934 6
242 7
1852 5
2857 8
996 6
2311 7
2982 5
1238 6
816 4
1871 8
2598 5
2498 4
712 8
2541 5
1826 6
1517 8
1551 6
1456 8
1370 5
2870 7
331 4
2139 9
617 4
550 8
2107 7
2836 7
1677 8
2689 5
2661 5
506 5
2220 7
2482 5
1787 8
2762 5
2547 7
1350 5
2946 6
673 4
2773 5
1359 8
2944 5
1987 5
1026 7
1830 5
2157 4
334 7
2537 4
2316 8
2766 4
963 8
2880 5
1305 6
1971 6
2309 6
1127 8
990 6
1319 8
2879 5
2714 7
1011 6
871 7
76 5
677 7
1789 5
421 8
2404 7
2071 7
41 7
436 5
1497 7
345 5
2907 7
6 5
1701 6
2258 5
205 5
1177 7
2909 7
1336 5
2995 5
1016 7
2696 4
728 6
2759 5
1782 8
1388 5
2969 7
1107 4
2592 8
641 7
1372 6
1737 7
2133 5
1181 6
2724 5
2824 8
2414 5
1433 7
2832 3
403 7
114 5
2360 9
1685 5
1942 5
1013 4
431 5
2174 5
407 7
700 5
802 7
2939 4
1402 6
1558 4
2618 9
2036 8
976 8
2873 6
1731 7
2885 5
2126 8
2891 6
514 7
2515 6
245 5
188 8
1096 4
2578 7
252 6
401 9
1522 4
584 8
2412 5
89 8
1574 5
374 6
2192 5
2588 6
1909 5
1239 7
934 6
705 5
2573 5
1618 8
1601 6
184 7
1655 5
2024 5
2559 7
2731 6
709 8
452 5
1343 7
1421 5
1684 7
2018 5
343 7
594 5
720 7
1478 6
1975 7
1027 5
2945 7
1957 5
1548 6
574 5
740 6
956 7
487 6
318 8
1201 7
2589 5
471 8
2920 5
1308 7
1059 6
1404 7
2031 5
1515 8
737 5
1944 7
1698 5
176 7
2799 5
62 4
568 6
1969 5
1659 8
870 5
827 8
493 5
2778 8
305 6
606 6
1322 5
653 7
554 6
504 7
2622 4
2384 8
1872 5
58 7
1691 5
575 7
142 6
2439 5
2536 7
1257 5
2293 5
1811 4
2389 5
1039 5
2420 6
2719 6
848 8
572 4
1064 8
2365 6
217 7
1743 4
2348 7
2953 5
2050 5
2143 7
538 4
903 8
596 7
1748 7
1189 7
1338 4
1619 5
1191 4
1877 6
607 7
2212 5
2103 7
2658 5
1140 6
2253 5
553 8
2168 4
1314 4
1882 5
1391 5
1550 7
1117 7
233 6
959 7
1261 5
79 6
2244 7
2856 6
2328 8
1926 5
1539 4
833 7
1521 7
1341 6
2693 6
1935 5
899 4
1791 6
2623 4
628 8
2642 4
1879 8
1781 5
112 7
324 5
19 7
2001 6
395 5
25 8
928 4
941 5
2813 6
2510 5
214 5
846 6
412 7
905 5
2232 6
719 5
2971 6
762 8
2604 3
1708 7
1699 7
2122 7
1512 3
237 7
1400 5
210 7
1178 5
1545 8
555 5
417 7
1876 7
1958 5
463 5
2398 8
2450 5
612 6
2713 6
845 7
1862 7
1020 6
132 6
1587 5
955 4
610 7
2551 5
209 8
234 5
1885 7
365 5
1646 7
2229 5
1085 6
2779 4
13 7
1886 5
873 6
2428 5
639 5
1662 7
1056 6
2175 7
2387 5
1084 6
2198 4
609 7
2304 5
1459 6
1236 5
2114 4
259 7
2915 6
567 4
2342 6
2826 5
57 5
2538 4
1295 7
747 6
689 6
2606 5
778 8
862 5
1506 7
1963 5
1410 5
1454 8
1393 5
1105 5
901 7
1915 5
1103 7
1922 5
879 6
1752 6
1936 6
191 6
337 5
2727 6
1363 8
973 6
1664 6
926 7
964 6
2685 6
1135 7
2555 6
775 5
2296 4
2683 6
691 5
2004 7
1866 6
944 6
1167 4
346 8
1679 6
1218 7
1563 4
2298 7
2557 4
2167 7
2850 6
2812 8
2914 4
2834 7
2374 5
1362 8
1945 4
1025 4
1182 7
1175 4
2627 6
1323 5
2064 8
1703 6
16 6
2668 6
2682 7
914 6
699 7
1100 6
552 6
2975 6
2479 8
1075 5
1976 6
1795 6
2905 7
2796 6
1906 8
2108 6
1947 9
811 6
226 7
1250 3
1921 8
1153 6
1382 5
1595 6
2841 4
520 6
2076 6
1873 8
2246 6
2878 6
1570 4
1982 7
66 7
839 6
2652 8
2508 9
805 6
2106 4
448 5
960 8
1023 6
1465 7
2275 5
2372 5
650 7
1137 7
2272 7
703 6
26 8
1612 5
523 7
717 4
70 5
1589 6
2670 5
369 6
2480 5
2200 7
1914 7
2325 5
1854 7
8 7
2815 6
2120 7
1974 5
1532 8
1878 6
2477 5
1282 4
402 7
190 5
2330 4
1895 7
2463 8
2645 5
2611 6
2141 6
909 5
349 7
1091 5
800 8
2625 4
303 8
1132 5
2095 8
1785 5
1508 6
626 4
1290 7
1263 3
2355 4
2860 7
2105 7
2280 4
1531 7
1066 7
258 4
1213 8
1790 8
2650 5
336 6
1076 8
2717 4
1528 6
1376 6
1846 5
1251 4
2277 8
2270 5
880 7
253 5
1401 7
1986 6
935 4
1093 4
1068 6
319 5
372 8
2701 5
931 8
409 7
789 6
2615 7
373 7
232 5
235 7
1893 6
1184 6
135 5
1576 6
2116 8
2875 6
2273 6
795 5
819 6
1616 6
198 5
2446 7
1538 6
272 7
301 4
2509 7
544 5
860 7
1624 5
1642 5
1801 8
2206 5
83 7
2526 6
2989 4
1858 5
830 7
527 6
432 6
2236 5
2980 7
2035 5
2377 6
2486 8
2453 5
1496 5
2433 6
2475 8
496 5
1053 9
2493 5
671 8
1311 6
1918 8
1461 6
2208 7
2247 6
1291 8
1416 5
1981 7
599 5
460 6
2197 6
2844 6
55 6
2424 7
2703 6
1857 6
824 8
971 4
2205 5
1298 4
2733 5
1249 6
950 7
2291 6
275 5
592 7
2504 6
1796 6
2577 3
1209 7
2154 8
1657 5
1479 7
455 6
454 8
1324 5
203 5
2235 5
785 6
350 5
551 6
2268 5
853 6
1855 5
1676 7
151 6
1868 7
1983 5
966 5
855 8
1235 6
601 6
1502 4
1089 5
2385 8
2576 6
900 3
1835 6
1315 6
2279 7
533 6
913 5
988 7
2455 5
2402 5
2058 5
249 8
991 6
2723 6
1303 8
2564 2
105 7
160 7
2464 6
1597 4
1006 8
199 5
1437 5
1001 6
1345 4
784 5
733 6
2204 7
158 5
655 8
2617 6
1310 7
649 6
1956 4
2025 5
1270 6
1216 6
943 4
2569 7
912 7
2199 3
2119 7
51 5
1481 8
494 5
788 7
447 7
623 5
1205 5
1573 6
2308 8
1396 5
2811 7
1695 4
2748 7
2983 4
2957 7
2720 5
177 8
1519 6
2651 5
2147 7
2830 6
852 7
2156 5
1428 5
1960 6
2162 8
153 5
2186 5
1289 8
726 6
1473 7
174 8
486 8
220 6
2785 6
122 7
2329 7
1192 7
1170 5
221 7
348 7
2603 7
1667 5
2312 6
1143 5
532 5
1593 6
2767 7
2910 6
2556 7
2047 9
2163 6
847 7
323 8
2959 4
616 6
300 7
2171 5
2613 6
74 4
2599 7
2049 4
2595 6
2740 6
2988 8
1784 4
1758 7
2966 5
42 7
1286 6
478 7
745 6
1378 6
416 6
59 6
2445 7
267 7
442 4
429 5
1553 6
2955 5
801 6
1713 8
2862 6
2928 8
1160 5
2452 7
120 8
2784 5
633 6
796 5
2514 7
2003 8
1802 6
56 8
375 8
216 5
222 8
1527 5
992 7
1297 7
1128 5
2525 5
1600 7
2702 7
1999 7
2 8
1513 7
1037 6
586 8
2093 8
942 4
380 7
911 7
509 4
841 8
1568 7
1774 5
428 8
2378 4
2484 7
1176 5
1330 6
1822 5
790 6
1716 4
558 9
2804 7
329 7
2381 4
238 7
2660 5
157 7
1422 4
165 5
2087 7
2571 6
2631 5
179 8
1889 8
3 5
1625 7
806 7
736 7
1058 6
613 7
2698 6
1583 4
591 7
2911 6
2081 5
2130 9
2241 7
681 8
1134 7
889 5
1930 5
2462 4
1933 7
2729 8
2344 6
2669 6
1156 7
2986 5
332 8
826 5
1670 8
1913 6
1032 8
732 4
143 7
2937 7
1992 8
1347 5
708 7
2612 4
2507 6
2267 5
2853 8
753 6
2327 6
38 5
1766 6
2677 5
752 7
1448 6
2560 7
154 6
2039 6
2354 7
1798 7
366 7
843 5
1358 7
1034 8
608 4
388 6
864 6
1749 5
2726 6
1180 5
170 6
2472 5
1584 5
989 5
2978 8
1951 6
392 6
2098 7
1389 8
1125 5
2010 8
2877 5
2366 4
308 8
1687 5
948 8
1831 4
1141 8
1753 7
813 7
874 5
1565 6
1386 7
664 5
668 7
1187 7
872 5
2379 6
1074 7
2817 7
663 8
556 7
53 5
1292 6
1799 7
2572 7
2046 5
2138 8
1605 8
2940 6
2646 5
534 7
1122 8
638 7
231 9
291 5
265 7
2548 6
1424 7
704 5
2209 8
2695 5
2292 6
1494 8
921 5
2218 4
2430 8
782 5
1415 5
1193 5
2233 6
578 7
134 6
2901 8
576 5
1423 5
844 5
835 7
1870 6
2470 5
1511 5
1492 7
433 3
1114 7
2563 5
422 6
1480 6
995 4
1316 7
2745 5
569 7
1523 4
1337 7
1596 5
1087 8
21 7
1912 4
2757 6
975 8
624 4
620 7
1939 5
2149 7
1485 7
2771 7
1190 6
2653 5
714 8
1943 7
1221 5
970 7
2673 5
600 4
1681 6
1812 7
897 4
2259 6
1208 4
2306 5
1924 4
902 8
2586 6
660 8
1071 7
1959 6
1225 6
807 6
828 8
1243 4
2998 6
2506 6
580 6
1392 6
924 9
194 4
1694 7
1366 5
2278 6
67 5
439 7
2676 5
1022 8
224 7
1881 7
93 5
1130 6
759 5
2918 4
0 7
2744 4
426 5
2562 9
2561 7
2738 8
1602 7
2177 5
1626 7
81 6
969 6
1561 7
518 6
1552 8
130 7
2237 8
1710 6
444 6
1654 6
2764 6
186 6
307 8
2633 7
2667 7
2680 5
1333 5
743 6
2281 7
1635 8
1955 5
2808 6
2396 6
1312 7
1525 6
1797 6
621 7
676 7
1334 7
1661 6
2029 5
357 7
768 7
1900 4
766 8
1916 6
1829 7
262 8
1604 4
50 8
984 5
1953 5
2692 6
1844 4
1460 8
1988 4
298 5
445 6
1284 7
314 4
1379 7
2640 5
187 8
2117 8
2900 5
1744 6
2861 5
1139 7
378 5
2761 4
1321 5
2924 6
124 8
37 7
284 4
390 8
684 5
999 7
2697 5
2295 5
632 7
1650 7
241 6
696 5
2854 8
2884 4
185 6
225 8
1375 5
1425 7
1640 5
1764 6
2266 5
797 4
147 6
896 6
758 6
1219 5
878 6
927 5
1072 5
781 7
1030 6
1660 5
2783 6
32 7
548 5
2055 6
2962 6
2488 5
792 5
4 6
2102 6
316 5
1471 7
2113 8
883 8
2552 7
2193 5
48 8
2191 7
2756 5
2124 8
1398 4
1419 5
2823 5
2121 5
2395 4
1890 7
1599 6
2763 6
749 6
1792 4
9 5
406 7
2135 6
1542 6
1183 6
1863 6
2226 7
2432 8
1381 8
881 3
1035 5
2183 8
938 7
1439 4
1614 7
1158 4
2074 5
2951 5
2916 8
1765 7
2803 6
2166 7
2739 6
1269 5
546 6
891 8
1836 6
1223 6
1203 7
857 8
2590 7
2848 4
195 5
472 8
1675 7
1266 5
424 5
1095 6
94 6
1467 4
2314 6
869 8
687 9
286 6
2602 8
1007 5
1256 8
2307 6
2179 3
1767 6
1272 6
721 5
2496 6
269 5
1592 5
979 5
2897 6
2176 5
2596 7
1351 4
825 8
1516 8
2467 7
803 4
2145 6
952 7
2400 6
535 7
908 6
1540 3
1966 7
1010 6
484 7
832 7
1464 5
1253 7
695 8
1244 5
1948 5
2649 6
2566 7
2285 6
2109 6
1940 4
1399 5
842 9
1723 7
427 7
1019 4
1756 7
645 3
2159 7
2022 6
2999 6
1632 3
2800 6
1608 4
2499 5
511 4
1702 8
408 9
1220 5
2020 5
2256 9
2044 6
90 5
2104 5
1003 5
1440 7
2144 6
182 7
2814 8
2749 5
1682 8
888 5
2436 6
2818 7
685 4
1630 5
667 7
1690 6
330 8
2872 6
2950 6
2535 7
2101 7
2002 5
627 5
2251 6
78 8
2842 5
1504 8
394 5
2481 5
1586 8
2437 6
2210 5
40 7
742 7
932 7
541 8
2110 5
2178 4
1414 7
519 6
993 7
2775 6
1739 4
2061 5
27 6
1041 5
207 6
1949 8
75 6
502 4
1920 6
456 4
2356 8
86 5
2952 6
2869 7
1777 5
2929 4
2043 4
2942 9
2752 8
2009 5
2903 6
566 5
1816 7
2407 7
2478 6
1326 5
2048 5
1786 7
1672 5
1055 8
2686 7
711 5
1412 7
2549 5
1138 4
162 6
1228 8
1320 5
2196 4
937 5
200 8
1606 8
1769 7
615 7
1083 6
499 4
2014 7
2190 6
1904 6
423 8
2127 7
2451 6
2118 6
2546 8
145 6
640 6
2691 8
918 7
1062 6
707 5
171 5
2725 5
2960 6
1476 7
1385 5
163 3
2375 8
2863 7
1408 5
2743 8
2755 6
208 3
2466 6
2893 6
2032 6
2334 4
82 5
2655 9
686 6
2260 5
103 7
1403 5
954 7
949 8
148 4
850 7
517 5
1390 5
1932 6
302 5
2672 7
1965 8
1101 6
2896 7
1331 7
2789 5
1806 8
1042 5
2290 7
2621 6
2935 7
398 5
524 5
1049 6
322 7
1643 7
510 6
1166 6
2287 7
2249 4
1200 6
2656 7
929 7
1210 5
2336 7
675 7
438 5
2096 6
2782 4
1899 8
1285 5
2709 6
270 7
2057 8
1898 6
906 6
1524 5
840 5
2425 7
1636 7
1116 5
648 6
1 6
98 7
2215 10
1450 7
461 7
2063 7
1462 8
2943 7
5 6
895 7
1364 7
2647 7
299 6
1902 6
662 4
7 7
144 8
2492 7
2822 6
2099 6
312 6
1615 7
11 6
12 6
2632 7
14 7
2979 7
2820 7
2021 7
458 6
1645 8
682 6
17 7
18 6
2699 7
2543 8
20 7
152 8
22 4
2954 5
820 6
462 6
23 0
529 6
818 8
1747 7
702 6
24 7
521 7
1484 7
974 8
972 6
28 5
904 6
2347 9
1489 7
2485 6
1047 7
2140 7
29 6
2276 7
1352 8
1452 7
1486 7
1503 8
30 7
31 7
2838 8
33 4
1262 7
1395 7
920 6
34 5
2471 6
80 6
1622 6
1853 9
35 6
2777 7
1607 6
1115 5
898 6
1198 5
2868 8
1724 7
967 6
1417 7
2769 6
2242 5
2895 5
2068 9
367 6
1842 7
43 3
481 4
868 8
389 4
2406 6
2636 7
1044 6
44 7
1057 7
2302 9
2528 6
2216 6
1325 7
2000 7
1621 7
1688 8
1689 8
2751 6
46 6
2976 7
2423 6
756 9
690 5
49 0
1824 7
201 6
2890 7
2704 7
87 6
793 7
2345 6
618 5
2211 6
52 5
1409 6
2626 6
754 6
2741 7
2737 7
212 7
183 6
1567 6
54 5
227 7
773 5
940 7
2570 6
1165 6
2991 6
1296 6
2326 6
310 6
60 7
907 8
61 5
1946 6
1499 7
1562 7
1674 7
2399 6
915 7
2207 6
2718 6
63 6
2792 7
1070 8
2151 7
1015 5
637 7
2303 6
65 7
2085 6
137 6
851 7
68 6
1233 7
2654 8
69 7
738 6
2088 7
119 6
1082 6
71 6
2403 7
2358 7
73 6
108 6
985 8
2310 8
2092 6
1274 5
2011 6
1150 6
2494 8
1288 7
77 6
1762 7
1444 8
977 5
1780 7
1888 8
962 8
1133 7
296 5
1081 6
2172 6
84 7
178 8
85 8
1152 6
1581 6
377 6
483 7
88 7
1875 8
2017 7
2066 6
2581 7
219 6
2282 6
91 0
1457 7
2165 4
1360 5
892 6
1411 8
750 8
95 6
849 7
96 6
2781 7
97 7
99 4
1869 7
1429 6
1718 5
2965 7
100 4
2851 6
2440 6
2967 5
526 6
2319 7
688 6
755 7
1277 8
605 6
101 7
102 5
104 0
1544 6
2184 6
2550 1
2810 5
106 6
2370 7
886 7
149 7
107 5
716 6
109 4
1441 6
834 5
1126 6
381 6
1530 5
443 5
126 7
110 5
2585 6
111 6
654 7
2005 8
513 6
516 6
139 8
2034 6
1763 6
1653 6
1435 7
115 7
117 6
2458 8
1194 8
2301 7
121 4
1793 7
1556 5
1845 6
123 6
2214 7
1928 7
916 7
125 7
382 8
127 1
2620 7
128 6
1634 7
129 4
1373 5
1919 6
131 7
1371 5
2263 7
133 5
978 10
1271 7
2361 7
1950 8
2634 7
1611 6
2062 6
468 8
1092 6
2791 5
2059 7
2030 6
2422 5
2041 7
1738 7
138 5
1856 6
1719 6
2807 6
537 6
2201 5
140 7
1598 8
2662 6
490 7
2297 8
1510 8
2829 7
1897 6
2886 8
2152 6
335 6
1663 7
2072 7
2382 6
273 5
2644 7
2056 5
1993 6
2331 5
777 8
1172 6
150 7
1255 8
2906 9
491 6
2707 7
155 6
2568 7
156 7
1937 7
353 6
2322 7
1155 4
164 6
1355 7
2867 7
1692 6
1304 6
384 6
2921 4
1757 6
1994 7
659 7
565 6
981 5
168 6
1745 7
1884 8
1318 7
1896 8
1518 7
1204 6
2948 6
658 6
477 7
1168 6
562 6
2908 7
172 5
2234 6
173 7
175 6
1671 7
1195 7
338 6
2441 7
2125 6
2845 7
2033 6
1717 5
1590 4
181 4
2391 6
1707 6
2315 6
2553 7
2715 6
694 7
1638 7
2794 8
1241 6
945 6
189 6
2913 6
1839 7
1557 6
875 8
192 7
2855 7
1169 9
2521 6
2288 7
370 5
1248 8
196 6
1535 8
197 7
2932 6
1197 9
289 6
2608 6
399 6
725 8
2816 8
204 6
2917 6
1224 7
430 6
885 8
206 5
1972 6
1029 6
1984 6
476 6
1111 7
1215 6
211 6
213 7
278 8
2663 7
1043 6
501 8
347 6
215 4
2734 5
2963 6
1344 7
2418 6
1073 7
2610 7
218 5
2512 6
453 7
772 6
1469 6
630 6
2343 7
598 8
223 7
2984 8
228 5
994 7
2793 8
2798 6
625 7
508 6
2040 6
1051 6
229 6
2871 7
230 5
387 5
2129 6
986 6
1377 6
1475 6
465 6
1374 8
1623 6
1468 4
2320 7
1202 6
1173 6
822 8
362 8
239 6
1309 7
1206 6
2006 7
622 7
1028 7
1968 5
1171 6
244 7
515 7
246 8
247 6
1651 6
1755 7
248 1
2016 5
1633 6
2594 6
642 5
2674 7
2300 7
250 0
780 6
251 7
1002 7
450 7
1832 5
2846 7
579 7
2386 7
2835 6
2582 6
254 7
1997 7
255 6
876 7
256 7
2069 7
260 5
2086 6
2460 6
2269 7
261 5
1505 8
263 5
1232 7
264 8
1112 8
1722 8
810 7
854 7
274 0
2082 4
309 5
1979 5
2583 7
2859 7
1929 5
276 6
2317 6
488 6
2427 9
279 0
2922 6
1751 5
280 5
2261 7
693 7
281 7
285 5
1715 8
287 8
72 9
288 7
1849 8
2938 7
290 6
292 5
2217 6
293 0
410 8
295 7
1541 6
1144 6
2332 7
1227 6
2990 5
1714 7
961 6
2997 7
863 6
304 7
1729 8
1265 6
2371 6
311 8
679 7
1065 6
313 7
1226 5
2711 6
723 6
317 7
1760 7
1995 6
2930 7
371 5
320 0
321 4
2516 6
2079 6
327 7
997 6
2972 7
1728 9
1547 6
2221 6
1458 7
2421 7
2974 5
2015 7
1609 9
865 7
2408 7
2351 7
1500 6
2240 7
339 7
340 6
341 0
2565 7
2077 6
1491 6
342 6
1094 6
344 6
2501 6
1962 6
1036 6
2060 6
1644 5
352 5
2027 6
884 7
474 6
823 7
354 7
355 6
2601 7
356 6
358 0
2933 5
359 6
1908 6
360 5
1472 7
1061 6
2513 5
543 6
363 6
364 0
1488 6
2323 7
368 4
1024 6
500 8
1850 6
376 5
2497 6
2274 6
379 5
680 7
644 7
383 4
2369 6
1910 7
492 7
2964 6
982 5
385 5
1353 6
1709 7
1742 6
2864 6
386 7
2790 7
2518 6
2628 6
391 6
2753 7
1293 7
393 6
2112 8
2219 5
1903 6
2675 5
1847 5
396 6
1229 6
400 6
2491 6
404 7
1300 7
405 0
411 7
1725 7
414 7
415 7
741 7
570 7
418 6
315 10
419 4
998 6
2554 6
1046 7
1121 6
2671 6
631 6
425 7
1477 7
2346 6
560 7
1361 7
1384 7
2473 6
573 4
1874 7
435 6
2593 7
1124 6
437 6
2531 6
440 6
441 7
2053 9
1572 5
282 8
2459 6
1162 8
2679 7
446 0
1217 5
1894 6
1848 5
2797 6
1207 6
1883 5
449 0
837 7
2770 8
451 6
489 7
563 6
1281 6
1449 7
1658 6
2961 6
980 5
2575 5
457 6
1529 6
459 5
1794 6
1279 6
2539 7
2037 6
464 6
466 7
467 5
2363 7
1834 6
1387 7
2958 6
2350 6
469 7
470 6
1514 8
1569 7
479 6
1367 7
480 7
1805 6
482 6
1838 7
2840 8
485 5
1069 5
2054 6
1613 7
2802 8
2100 7
922 6
1339 8
333 9
757 7
1768 6
1697 6
257 8
1666 6
2012 6
2469 6
1996 7
497 7
498 7
1543 6
713 6
2170 5
2299 9
2052 5
2540 4
1620 5
2865 5
2821 6
507 0
2985 1
2495 5
2721 7
1828 6
2321 7
1772 8
2373 6
2142 8
1705 6
1493 8
1683 7
2111 6
930 6
2286 6
525 5
1280 5
1307 6
1706 7
530 5
817 6
531 7
2597 6
2134 7
1245 6
549 7
536 6
1161 7
661 7
2194 5
2706 4
540 4
2795 6
1843 7
2883 9
547 5
1770 8
2434 6
1080 5
1407 7
1861 4
1775 8
2075 5
561 5
1980 6
589 6
2923 7
2684 6
564 7
2023 7
1050 6
2591 5
1356 8
2805 8
571 6
1961 7
1357 6
1648 5
731 5
718 6
2833 4
577 7
581 6
582 7
583 5
585 7
861 8
587 5
588 7
590 4
1736 7
593 0
1354 6
2732 5
597 3
2827 4
1397 6
1617 6
1727 5
351 9
603 6
611 6
1817 9
1283 4
2146 5
1406 6
1825 5
1536 6
2313 7
2665 5
1823 6
629 6
2728 7
634 0
2474 5
2073 6
2619 5
635 5
2892 6
1455 6
643 5
2401 5
760 6
1109 7
2271 4
647 5
1349 6
651 7
656 0
2502 7
657 6
730 6
1734 8
769 5
1730 5
890 5
2362 5
1591 4
1560 6
665 7
666 7
2189 8
669 5
670 5
672 6
674 6
2858 8
1970 7
1118 7
1453 9
678 6
2231 7
683 0
729 6
946 8
1808 6
2388 7
919 6
735 6
770 7
2224 5
2786 6
2131 6
1438 6
692 6
697 0
701 6
2026 7
925 6
2992 6
1264 6
1867 3
1680 7
1498 7
2013 6
710 6
1012 5
715 6
2431 6
722 4
724 5
2128 7
727 7
2394 7
1927 6
958 8
2831 6
739 6
804 5
2091 7
746 4
1463 6
748 0
1588 1
751 7
1534 7
1815 7
763 6
764 5
2333 7
765 6
771 7
1446 7
774 0
2337 6
776 5
779 7
1773 6
783 6
2544 6
2158 6
787 0
1818 6
2519 6
794 5
1000 6
1571 7
798 5
799 6
1466 6
1234 5
1776 7
2931 5
808 6
240 9
2758 5
1577 5
2045 6
1746 9
821 6
2894 7
2710 8
2443 6
2809 7
957 7
933 7
1077 7
856 5
1254 6
858 8
1917 8
1186 5
866 6
2993 5
2487 6
2664 7
1509 6
1907 4
882 0
202 8
887 7
2155 6
1578 6
1163 5
1097 6
894 6
1726 6
92 8
2252 6
2630 4
1146 9
2283 6
2019 6
910 0
2735 6
1104 6
1649 6
1549 7
1470 6
923 5
2788 6
1317 6
1803 6
1302 5
1754 6
936 5
1501 6
1346 5
2705 5
1750 4
947 5
1418 6
953 6
2065 5
1154 7
2255 7
1656 5
968 7
1678 7
1859 6
2435 5
983 4
987 6
1860 6
2694 4
1686 7
1005 4
2981 6
1991 6
1287 6
1231 6
2090 6
2746 6
1017 7
1018 7
1952 5
1268 5
1665 6
1985 5
1031 6
1033 5
1704 6
1582 6
1038 0
2876 6
1149 6
1533 6
1040 0
2941 6
1045 0
1778 7
2341 6
2447 6
2768 5
2641 7
1110 5
1735 8
2187 7
1136 6
2936 7
2335 5
1067 6
2545 6
2042 8
2097 7
1086 0
1090 7
2222 7
1098 1
1099 5
1106 0
2465 5
1108 0
2926 6
1119 6
1120 6
2616 7
1647 5
1129 5
2925 7
1131 0
1196 7
2887 7
1145 0
1147 5
1148 0
2881 5
1157 5
1603 6
2780 7
2567 5
2843 5
1222 7
1174 4
2227 6
1179 4
2444 6
2083 6
1185 6
1188 5
1199 6
2089 4
2534 6
361 8
1507 6
1887 5
2078 6
1610 6
2438 6
1230 6
1273 8
1240 6
2238 8
2416 6
2367 5
1252 0
1761 6
2949 6
2690 6
2405 7
1732 5
2700 6
1275 5
1276 6
2522 5
1294 6
236 7
2115 5
595 9
1911 6
1313 0
2678 5
1327 0
2898 4
2524 5
1328 6
1329 7
1332 3
2968 7
1348 5
1807 6
2772 6
1365 7
1369 4
2264 6
1380 5
1383 6
1554 7
1394 6
2973 6
2468 5
2760 5
1420 0
2289 7
1526 1
2648 5
1427 5
1430 5
1905 6
1432 5
1434 0
1445 0
1447 5
1967 6
2852 5
1474 6
1482 0
2888 7
1864 4
1520 5
1821 5
2688 5
2579 5
2970 3
1804 5
2657 5
2530 5
1712 4
1546 0
2866 1
2380 6
1555 0
1566 4
1954 6
1575 0
2359 6
2587 6
2927 5
1580 5
2257 5
1585 0
1594 5
2007 6
2413 5
2153 6
268 7
1627 7
2383 6
1819 6
2284 6
2225 5
2164 6
2806 6
1673 5
1923 10
2449 7
1700 4
2584 5
2239 5
1741 5
2008 4
1759 0
1779 5
1783 7
1800 5
2409 6
1810 0
1813 0
1814 7
1827 0
1891 1
2659 6
1841 5
1851 5
2828 6
1865 0
1925 0
2774 6
1021 8
1931 0
1938 0
2580 5
1941 4
2262 5
2067 6
1998 0
2801 6
2339 6
2397 6
2038 0
2500 6
2181 5
2787 5
2161 6
2123 0
2132 0
2148 0
2169 5
2489 5
2305 4
2203 5
2243 4
2213 3
2228 0
2248 0
2250 0
2254 0
2294 5
2338 0
2349 0
2368 0
2390 4
2410 5
2415 0
2442 0
2448 3
2456 0
1788 7
2490 0
2511 0
2523 5
2527 5
2532 0
2639 6
2977 6
2605 0
2607 0
2750 6
2614 6
2637 0
2600 7
2681 0
2716 3
2722 0
2837 0
2899 0
2947 0
