0 23.1080257099 
1 22.5301159917 
2 31.835789211 
3 22.9817306127 
4 24.6897239876 
5 19.7884340355 
6 19.7778956687 
7 25.1606849395 
8 27.4764203032 
9 18.0307568647 
10 27.6706867161 
11 22.9930899524 
12 16.275312827 
13 24.0634459436 
14 29.7429927908 
15 26.3807357868 
16 22.5720858858 
17 25.7083149707 
18 15.2826416805 
19 25.9400721105 
20 24.0877084751 
21 24.1522523877 
22 10.1307952412 
23 0.438412795355 
24 23.865102378 
25 25.867198341 
26 24.2567824839 
27 23.374805141 
28 16.2808308867 
29 21.7916739917 
30 27.3696050915 
31 26.0509268601 
32 28.7981278815 
33 12.231400494 
34 15.8980055756 
35 25.348631587 
36 21.9593004738 
37 23.155503014 
38 19.5399451134 
39 19.3742346301 
40 25.8441709866 
41 28.5893897867 
42 22.6817615981 
43 6.46812598268 
44 23.6299216708 
45 19.6540381309 
46 22.5876632275 
47 19.5913222381 
48 27.8814856545 
49 0.409455355439 
50 26.6551710979 
51 19.9478276813 
52 20.7968185095 
53 17.0396496195 
54 20.3697121307 
55 20.5048506256 
56 29.3276664407 
57 14.6641739567 
58 24.4950364927 
59 20.798951182 
60 26.3207440737 
61 16.2792523613 
62 12.9741891331 
63 20.3222495848 
64 18.711897426 
65 24.4672959318 
66 27.3030877424 
67 17.3947141695 
68 21.3820340431 
69 26.5870203862 
70 18.882685107 
71 20.948456572 
72 37.888250163 
73 21.8890189936 
74 17.9145389878 
75 22.2953121668 
76 21.6037022631 
77 20.3271192564 
78 27.8037676862 
79 19.5764929235 
80 20.3164645327 
81 22.0985269062 
82 19.0808126649 
83 23.1369631984 
84 32.4896797787 
85 29.8037401582 
86 19.1977362019 
87 21.4772473688 
88 24.381193968 
89 25.6664904314 
90 18.1388240026 
91 -0.713697863724 
92 32.7799854034 
93 19.4107637744 
94 23.7807858691 
95 22.2969168265 
96 24.1532194579 
97 31.5655993303 
98 24.8837362416 
99 12.5605194283 
100 10.4331386464 
101 31.2695379882 
102 15.9573767154 
103 26.8207971839 
104 -3.31503072286 
105 25.7315481701 
106 19.8423860624 
107 14.3862895802 
108 23.4560311694 
109 11.190029155 
110 19.1228316748 
111 19.3788919027 
112 25.4946696826 
113 20.4771015414 
114 16.897891381 
115 26.9171211699 
116 26.4944387727 
117 17.6263232239 
118 25.8609838483 
119 22.7262946049 
120 30.0771992702 
121 11.5049409461 
122 25.0531905497 
123 21.9115073132 
124 29.8607327254 
125 27.1431823569 
126 25.0038818201 
127 7.99792003185 
128 17.3203551945 
129 11.0454298885 
130 26.6076685559 
131 25.2269647647 
132 21.1801852843 
133 17.836180614 
134 18.9114021598 
135 19.6136218549 
136 16.400715124 
137 23.2661446919 
138 19.8103826398 
139 35.289027706 
140 29.5967980082 
141 24.1497452914 
142 22.3403585371 
143 24.7141659436 
144 29.8642661467 
145 20.8540832736 
146 16.6388584373 
147 23.0233352812 
148 13.8885512612 
149 24.8067076472 
150 23.8314150359 
151 22.1134536696 
152 26.3016036227 
153 21.1804218171 
154 22.1370150119 
155 21.466562816 
156 28.7228604158 
157 25.1232810817 
158 18.4496997613 
159 27.8154288831 
160 28.4531007333 
161 26.1480916645 
162 22.6673780005 
163 13.9174924674 
164 21.3585750468 
165 18.1548986861 
166 21.9517912561 
167 20.2569355564 
168 19.2605437479 
169 27.735853073 
170 19.4062816725 
171 15.7600182721 
172 18.4982340528 
173 25.7944081709 
174 25.5521830284 
175 21.8527168346 
176 27.2218159178 
177 29.1924273722 
178 40.2095430814 
179 30.9093474643 
180 15.0111772812 
181 10.4687268469 
182 27.064549903 
183 19.5902863222 
184 23.2128577021 
185 21.4833299475 
186 23.0496345926 
187 29.9955294302 
188 28.5382286256 
189 21.7588890027 
190 19.722095841 
191 16.726555185 
192 25.3222571572 
193 22.8699403952 
194 17.3513749627 
195 17.8419942476 
196 21.9884839749 
197 22.2963110241 
198 18.9329218126 
199 21.4688259755 
200 28.4016419626 
201 23.4273881117 
202 33.3447387524 
203 18.6917208456 
204 24.4264601594 
205 20.3800977766 
206 14.7523955979 
207 21.0574342861 
208 10.7232706542 
209 27.6687960443 
210 28.0229170291 
211 21.5540596144 
212 25.0658663757 
213 27.9382114363 
214 18.587767835 
215 14.1995415318 
216 19.8142251361 
217 25.511665754 
218 15.5180252214 
219 21.4501469437 
220 24.1476561983 
221 25.9047273356 
222 27.1415577356 
223 29.2441352556 
224 24.5179066203 
225 27.03818079 
226 26.210815423 
227 25.7671345465 
228 14.2997996464 
229 20.7127361567 
230 15.8399967783 
231 30.8174897636 
232 20.5331423072 
233 22.5547442693 
234 20.9100186607 
235 26.9882214614 
236 25.360004139 
237 27.201823827 
238 24.0181010997 
239 21.3575043797 
240 37.068258985 
241 20.3011831795 
242 27.4096464757 
243 20.1966022691 
244 26.4869323246 
245 19.4552590256 
246 32.0557376961 
247 22.0071064698 
248 2.65704385614 
249 29.6650014897 
250 1.98321837432 
251 23.7750988288 
252 21.1578429933 
253 19.9788404515 
254 25.53490492 
255 19.7318477428 
256 21.1158575953 
257 37.5175171316 
258 16.2974311175 
259 25.119517302 
260 13.6844714543 
261 17.4370030142 
262 27.2409186571 
263 17.6954150531 
264 33.26622188 
265 27.7120887442 
266 26.4393717042 
267 24.6651952297 
268 32.8788964515 
269 19.4470679898 
270 22.3571059628 
271 27.6691988917 
272 26.3367234294 
273 15.9551361723 
274 -1.42925784948 
275 17.9108874616 
276 18.2042308749 
277 19.221665589 
278 27.7160529388 
279 1.00998004065 
280 17.7316904094 
281 27.1036588464 
282 34.0364597126 
283 25.4102785379 
284 16.1488632694 
285 19.2413032874 
286 25.9697649131 
287 29.1743451044 
288 27.6271414396 
289 23.9887487771 
290 22.3859735714 
291 20.3530768405 
292 19.2759374903 
293 -1.08384710206 
294 20.8047222917 
295 25.1821783255 
296 19.1662845518 
297 22.3513053307 
298 21.9396431971 
299 21.9686068577 
300 25.2513621508 
301 17.931910573 
302 17.1853557692 
303 28.0798020077 
304 26.5101202758 
305 22.6902652478 
306 18.9922370469 
307 29.1981765152 
308 26.5520808833 
309 17.3814852047 
310 23.0629476863 
311 31.8751705586 
312 18.7336614958 
313 27.4168491399 
314 16.8959284388 
315 41.4392528197 
316 19.6110810627 
317 27.940808109 
318 26.6321646791 
319 20.4203262349 
320 1.14547173345 
321 16.8357404171 
322 23.6849981423 
323 28.1030924347 
324 16.4744889344 
325 19.3386904788 
326 24.1030223854 
327 27.2520893062 
328 19.3294977893 
329 22.6222298482 
330 29.4804299458 
331 16.1160661045 
332 28.1570957459 
333 39.885869994 
334 26.1394153721 
335 22.4284650943 
336 25.6363513342 
337 19.412294274 
338 23.2720636062 
339 27.3058739952 
340 19.0924969568 
341 0.332356305935 
342 23.3456784074 
343 23.4041640917 
344 23.0038037209 
345 19.8242087466 
346 25.8669279652 
347 22.7001493838 
348 24.6841925137 
349 27.2274357815 
350 19.9153419237 
351 35.1830697581 
352 16.4091697399 
353 25.6432929461 
354 23.0202677543 
355 20.3588553735 
356 20.7717094995 
357 26.4466511871 
358 -2.12700192215 
359 17.7191041694 
360 14.8833902908 
361 35.8732474814 
362 31.9277185914 
363 24.5847802929 
364 4.1518344409 
365 19.6159023101 
366 26.5340866851 
367 20.8015827153 
368 11.7042296847 
369 21.0500412577 
370 18.7649784203 
371 18.4462197668 
372 27.5683151967 
373 24.4179531314 
374 23.1147503753 
375 26.8290134561 
376 13.9710399811 
377 17.8538497871 
378 18.3819319703 
379 16.6349179022 
380 25.1334666729 
381 22.9313887123 
382 31.1447898262 
383 7.40629912605 
384 22.5733012919 
385 14.1922171979 
386 23.7884104304 
387 12.9389864284 
388 28.4880001269 
389 10.4696328293 
390 26.6343803166 
391 16.4161603637 
392 23.9145333358 
393 18.9412445311 
394 19.1706687177 
395 18.4819098426 
396 22.569911322 
397 21.8348841612 
398 18.8641298997 
399 23.9646770344 
400 21.0977330561 
401 31.4658135075 
402 26.5989917916 
403 25.1641689615 
404 24.6982814312 
405 4.07233102384 
406 26.3961799018 
407 23.8338269938 
408 32.6912561417 
409 25.9287412818 
410 35.1639687857 
411 29.1278996622 
412 26.4153323774 
413 24.2991189337 
414 27.2614418069 
415 25.1519403842 
416 20.1341468062 
417 26.520261617 
418 19.7488897909 
419 12.2348101312 
420 23.2953651877 
421 26.9117279352 
422 21.8856790402 
423 30.2341772376 
424 14.2850411576 
425 27.2740640703 
426 17.0828674844 
427 26.9183837885 
428 27.0192694592 
429 18.048203723 
430 21.9349612864 
431 20.4260097435 
432 22.2355216517 
433 13.6166077793 
434 19.4645946725 
435 21.8418725362 
436 20.9744008653 
437 17.0041229485 
438 18.6691383999 
439 23.67748584 
440 24.3827290986 
441 24.7831872345 
442 15.1949587048 
443 20.7845174413 
444 23.0046673211 
445 24.1903317614 
446 -2.06346539448 
447 22.8718789139 
448 21.1675758393 
449 1.05659586243 
450 23.0338166018 
451 20.8547347216 
452 20.4729826054 
453 30.094057107 
454 27.0139717736 
455 21.0875142964 
456 16.1524598048 
457 18.1323091174 
458 20.6189502111 
459 21.0370472885 
460 22.9121478216 
461 29.8466947708 
462 22.0804080235 
463 15.6237686743 
464 22.2969235203 
465 24.0152147711 
466 24.5848153552 
467 15.4422836474 
468 33.8493454558 
469 25.6713899514 
470 16.8691994171 
471 26.8038833836 
472 25.4678572289 
473 19.4404418544 
474 24.0743794738 
475 26.2618119671 
476 20.6902164325 
477 31.2105537477 
478 21.6988076259 
479 22.2364555163 
480 25.0761391487 
481 7.80805445382 
482 23.6258692266 
483 24.3500037329 
484 26.6675479707 
485 15.9261531411 
486 26.9427992893 
487 21.8771324001 
488 19.0446852274 
489 22.3950599476 
490 24.9610117259 
491 19.7307598932 
492 33.30145859 
493 22.3113462383 
494 18.8905638152 
495 21.4855738848 
496 18.6039158678 
497 27.9870968704 
498 26.9834092734 
499 11.9698689609 
500 35.765229505 
501 34.7447067345 
502 16.5317682405 
503 19.1808333136 
504 24.826789623 
505 25.8606913135 
506 19.881593341 
507 -2.62177216192 
508 23.9377601378 
509 16.755807191 
510 22.6554957565 
511 16.1144264606 
512 24.5739711003 
513 23.4630537432 
514 24.2250269905 
515 25.3579081896 
516 23.9003793285 
517 20.2318377236 
518 21.779271995 
519 23.5623046567 
520 26.0875958128 
521 25.0607930109 
522 20.494188688 
523 26.2335337108 
524 17.5969306551 
525 18.8945964603 
526 22.6417173797 
527 21.4483139052 
528 19.9892667535 
529 22.5582369591 
530 19.2084513465 
531 26.4536547633 
532 17.7671465548 
533 20.4109790633 
534 23.2129786162 
535 25.8172253289 
536 21.8351534572 
537 23.4374805261 
538 18.693539255 
539 20.7316940703 
540 12.0214654379 
541 29.0408545422 
542 19.9748679652 
543 25.1906101325 
544 17.7303255512 
545 16.6656821561 
546 25.4645517442 
547 15.6749117019 
548 17.0801835792 
549 30.0487300289 
550 28.7553433759 
551 23.332739354 
552 19.9972386783 
553 27.9490739606 
554 20.0843736283 
555 20.4277878468 
556 21.1969274328 
557 15.2213061639 
558 30.8948937966 
559 28.806886896 
560 26.8914321302 
561 18.6497846473 
562 24.9538231189 
563 21.1041468699 
564 26.089359285 
565 22.9312170969 
566 18.2151706902 
567 12.8716724108 
568 21.6812152191 
569 26.4964395153 
570 25.999162317 
571 20.0881364405 
572 18.8087781177 
573 13.6500867257 
574 19.0086231573 
575 24.6997738957 
576 17.3189411328 
577 26.0002320508 
578 26.7484122083 
579 24.2144312976 
580 24.3919086689 
581 17.9031661521 
582 25.6559414856 
583 20.969001884 
584 27.4564625344 
585 26.2978419296 
586 29.8565924806 
587 18.7748300622 
588 30.249461447 
589 20.8710403448 
590 11.8290696446 
591 26.6357855065 
592 26.9790123227 
593 -0.637931753049 
594 20.4042129938 
595 38.545424627 
596 26.2327921377 
597 7.64109160065 
598 29.200832669 
599 20.2449614199 
600 15.0398806876 
601 22.4924725879 
602 31.1167719477 
603 19.665632312 
604 25.363486511 
605 23.2606047067 
606 23.3476437334 
607 26.9728967036 
608 12.6791071787 
609 23.5493377244 
610 27.0371722838 
611 21.9100809459 
612 21.5732918436 
613 24.8262752487 
614 28.5545840016 
615 24.61178708 
616 23.1908028891 
617 17.276549063 
618 18.2811817255 
619 19.3189114514 
620 23.4309268481 
621 24.209825182 
622 24.1885377061 
623 18.761318235 
624 17.2518488459 
625 26.3820838009 
626 17.0955298204 
627 17.4050006085 
628 26.1977931086 
629 22.6070263517 
630 21.8763940976 
631 19.7692507352 
632 28.8568511765 
633 18.8628745374 
634 -2.81769924839 
635 16.5765471816 
636 27.9595656025 
637 27.0176930484 
638 26.0835917326 
639 16.7887931456 
640 21.9502270005 
641 25.695506805 
642 15.1569577499 
643 16.3684473031 
644 25.7674542544 
645 10.2108800703 
646 25.9238457239 
647 13.8038197738 
648 23.9136566862 
649 21.5238664163 
650 24.6608085096 
651 23.1367624489 
652 17.844394174 
653 24.1794839869 
654 28.4442794336 
655 32.3494167184 
656 0.223603269294 
657 20.3162872622 
658 22.5193386106 
659 23.3140463067 
660 28.4695095634 
661 29.8895272124 
662 13.8360627296 
663 27.7247229337 
664 19.7115816953 
665 24.24341359 
666 30.837419828 
667 23.9497252037 
668 26.1846306468 
669 17.3959953167 
670 19.44385896 
671 30.0472179374 
672 24.4580242533 
673 21.3320230716 
674 24.3704447938 
675 23.8533858821 
676 25.9724517773 
677 24.9117907715 
678 21.6110234742 
679 25.4840489929 
680 28.093968794 
681 30.5872326608 
682 23.254277592 
683 -0.470967031582 
684 19.9245317376 
685 15.1811479984 
686 25.3841461213 
687 32.8315627998 
688 21.1572575789 
689 22.0452405708 
690 20.2921122326 
691 21.6048838967 
692 18.2033349309 
693 27.6407986979 
694 28.5492652915 
695 26.1611934107 
696 21.2808434306 
697 2.944337713 
698 20.7074990039 
699 24.1643682107 
700 19.2725217727 
701 19.6581402967 
702 25.4821675856 
703 21.0385115377 
704 22.2476581566 
705 19.9188252819 
706 25.8652470233 
707 20.60138899 
708 24.1970642865 
709 28.2852514532 
710 23.3424060624 
711 17.5895217149 
712 27.7207270583 
713 20.9221876166 
714 31.3045814604 
715 21.6687987174 
716 19.7230670297 
717 18.2781157954 
718 21.8058599197 
719 19.0375115132 
720 24.6440117424 
721 18.8741248399 
722 8.52552185929 
723 20.2068806087 
724 17.6371129808 
725 29.7341215606 
726 22.6990085726 
727 21.7045440535 
728 21.8234815799 
729 19.4944157694 
730 22.0396942795 
731 16.4074510632 
732 14.4430847303 
733 23.0325573972 
734 24.6793791571 
735 19.2905964163 
736 27.3635240662 
737 19.7398621023 
738 19.4438516047 
739 18.5742370238 
740 22.4071969147 
741 24.5580900892 
742 24.6631385192 
743 23.9736021131 
744 31.5608883997 
745 20.1808798085 
746 10.2798093231 
747 21.3144918918 
748 -0.947705700524 
749 22.5479246087 
750 38.4060146 
751 24.1718803362 
752 26.6644796218 
753 24.5012753389 
754 23.3214630573 
755 24.1230463215 
756 35.4498002046 
757 28.0678491741 
758 19.6988654853 
759 17.9310814573 
760 20.449684786 
761 18.1096569621 
762 27.4643107772 
763 20.7481053592 
764 17.9147935355 
765 23.8226364937 
766 29.150305148 
767 28.3586824696 
768 25.8026875683 
769 18.1182663049 
770 27.2690972579 
771 25.3445156323 
772 22.0719589558 
773 16.7586692493 
774 -2.28056599331 
775 18.331555396 
776 17.9611761349 
777 30.0894359564 
778 25.4997862905 
779 25.5441582734 
780 21.1426458626 
781 27.1117890381 
782 18.2849923214 
783 19.2996903101 
784 17.7461991947 
785 19.9186016674 
786 23.1352248013 
787 1.94581500251 
788 27.3830909757 
789 20.9305036038 
790 21.8802307624 
791 26.7639786346 
792 20.1672152637 
793 27.3321806639 
794 9.20811801744 
795 14.7749341407 
796 20.5214275384 
797 15.7003981502 
798 20.2623587199 
799 14.7476195279 
800 29.237571785 
801 24.4085268547 
802 24.6477737798 
803 14.4379662326 
804 18.8820637617 
805 22.1431308808 
806 25.9350666631 
807 23.061067176 
808 23.5387793884 
809 23.8283191272 
810 28.7466970357 
811 21.4411897009 
812 22.6167383325 
813 27.1183967618 
814 25.2490141911 
815 28.1604173158 
816 10.5995819074 
817 21.1431187189 
818 29.7337884519 
819 22.361301815 
820 21.0489623275 
821 19.9454590695 
822 30.0990153317 
823 30.6419968386 
824 24.9073696329 
825 27.4500854669 
826 18.0929395864 
827 27.7696514982 
828 27.722005384 
829 28.1025981648 
830 25.1660521759 
831 23.3566493195 
832 26.9112489719 
833 24.8895235183 
834 16.7531698874 
835 23.1273215134 
836 17.8168571779 
837 27.5081932881 
838 27.6597516522 
839 20.7128941857 
840 17.4935910816 
841 31.5365266139 
842 34.5644233023 
843 19.4378780645 
844 20.8662424133 
845 26.3437341591 
846 21.8061101035 
847 22.5999967658 
848 29.5156237572 
849 27.0408389816 
850 25.1133219783 
851 26.7472762888 
852 24.1566484951 
853 23.7436934087 
854 25.4956442005 
855 28.5105967095 
856 16.374624978 
857 26.9998184265 
858 30.7722933546 
859 21.4247293376 
860 22.8243971097 
861 30.9458135686 
862 22.8336109599 
863 17.9313293085 
864 21.2867255356 
865 26.7003578509 
866 23.6377418206 
867 22.7561434916 
868 36.4866553461 
869 29.0689623304 
870 20.4169778958 
871 25.5786641258 
872 15.3786068859 
873 20.5581354393 
874 18.3137848729 
875 30.8670411557 
876 24.9928013519 
877 25.3961884747 
878 22.7382925998 
879 24.0104426452 
880 27.4933006465 
881 13.2380494364 
882 -0.196099896689 
883 31.2289453187 
884 23.5751204284 
885 32.8529714549 
886 26.589303822 
887 29.586291109 
888 20.9148755866 
889 15.9266963715 
890 13.2741103838 
891 28.6012212332 
892 20.7738788404 
893 26.0198042059 
894 19.8931541086 
895 22.6419073493 
896 23.0030343486 
897 16.5325716845 
898 19.9285352845 
899 13.4653351913 
900 12.7811925284 
901 26.1063794271 
902 28.4998334397 
903 32.9596391392 
904 20.6860195478 
905 19.3936928302 
906 22.6438359177 
907 34.9288442927 
908 22.013443768 
909 19.9882164301 
910 -0.367898166987 
911 25.1264400168 
912 23.8001934191 
913 18.8111734122 
914 21.713947369 
915 25.3219050772 
916 27.1432855732 
917 25.7430587394 
918 28.1179709506 
919 20.343564832 
920 21.8758069704 
921 19.9884412397 
922 20.4329394428 
923 18.3171080145 
924 31.3058713339 
925 21.9877413092 
926 25.0574066209 
927 17.9316965866 
928 12.4909721796 
929 26.1432355413 
930 22.0035159315 
931 30.7071670679 
932 23.8591805854 
933 26.8121890887 
934 21.5028667995 
935 12.6338045865 
936 17.1266814635 
937 20.444653143 
938 25.0391524747 
939 26.1881923732 
940 26.9456211545 
941 18.501413258 
942 16.7024079085 
943 13.694414051 
944 23.8062566527 
945 23.3986274586 
946 34.1871304174 
947 17.1622939294 
948 27.1188753558 
949 26.9530768072 
950 23.617941761 
951 23.9062649028 
952 27.0879168824 
953 21.1117699295 
954 22.5876892311 
955 16.6039168725 
956 24.4437978647 
957 24.3832168804 
958 29.0512171927 
959 26.2746198445 
960 30.5094807159 
961 18.6009061358 
962 30.7878155078 
963 25.7108056722 
964 22.1983618195 
965 25.7586021026 
966 19.198070255 
967 23.556167274 
968 26.0205124948 
969 22.8742386339 
970 24.8715672445 
971 13.8453002119 
972 25.2603738275 
973 23.3818013638 
974 37.1951721564 
975 27.0538015058 
976 26.5840900786 
977 17.2479094505 
978 41.1086100171 
979 15.5796722851 
980 15.7854232491 
981 20.4982880978 
982 17.1263451629 
983 10.5043852777 
984 18.8243664057 
985 28.5362656269 
986 21.954471737 
987 20.0939563054 
988 22.977770471 
989 14.2836560943 
990 23.7324948507 
991 23.4127339493 
992 25.4249617802 
993 27.7209484368 
994 27.3656109045 
995 15.8447020787 
996 21.955953657 
997 22.1289584522 
998 25.2095328217 
999 26.2223001694 
1000 13.0182537533 
1001 18.9272829041 
1002 27.895321061 
1003 17.2264191079 
1004 19.3975705227 
1005 13.6330939493 
1006 28.9468904354 
1007 18.3990396145 
1008 23.1998152193 
1009 15.8796703417 
1010 23.355425644 
1011 21.207864344 
1012 15.2620397461 
1013 15.9583457729 
1014 19.7033949323 
1015 16.4172969959 
1016 25.8995658535 
1017 20.6101862254 
1018 22.7897133084 
1019 18.172514686 
1020 23.6036505699 
1021 33.4063029972 
1022 31.0083703908 
1023 21.3944283468 
1024 16.8247459337 
1025 16.1942382335 
1026 23.6197696521 
1027 20.2940188721 
1028 26.4435469247 
1029 22.0973437911 
1030 22.0724876734 
1031 19.897518315 
1032 28.4307876795 
1033 17.9618262232 
1034 28.6633596953 
1035 18.0897903685 
1036 23.1274708691 
1037 22.7106471121 
1038 -0.31966440928 
1039 20.1469031303 
1040 1.07889327568 
1041 19.8106419571 
1042 19.1752223789 
1043 23.2903581448 
1044 21.2777329259 
1045 0.514610996907 
1046 26.1177930663 
1047 30.094452231 
1048 19.6065193477 
1049 24.8526138517 
1050 19.010133685 
1051 19.0120617654 
1052 23.0024339639 
1053 32.7885896099 
1054 24.890173571 
1055 30.2849266396 
1056 19.168027297 
1057 27.6296116515 
1058 22.2367517731 
1059 21.6130481014 
1060 21.5103415812 
1061 19.7100570825 
1062 26.0132574755 
1063 21.2238332649 
1064 27.5785464942 
1065 22.2326347674 
1066 23.4937273329 
1067 19.3516245781 
1068 23.5681255951 
1069 12.2641186337 
1070 28.541939799 
1071 25.6608375721 
1072 19.6723432268 
1073 26.7777498706 
1074 29.5003453636 
1075 17.4934712901 
1076 29.6417962629 
1077 29.1055958881 
1078 24.1655375443 
1079 23.2793267494 
1080 18.9988604252 
1081 23.93042166 
1082 20.8458972393 
1083 20.8310702618 
1084 20.512708881 
1085 23.2802343197 
1086 0.452781787991 
1087 26.3315978033 
1088 26.5495211649 
1089 19.5822521868 
1090 23.0587241793 
1091 19.9072116573 
1092 22.1390685932 
1093 16.3722895483 
1094 22.6769898219 
1095 21.1998555373 
1096 12.0667087776 
1097 20.0837631163 
1098 9.12152689556 
1099 14.9368954905 
1100 23.6799280328 
1101 19.2959464324 
1102 20.3858284746 
1103 23.5582935332 
1104 21.9064196394 
1105 17.4226214164 
1106 -1.01011979583 
1107 15.9935588871 
1108 1.81902853636 
1109 27.0840256736 
1110 19.5082954668 
1111 24.8657233688 
1112 32.9007103784 
1113 24.5300412273 
1114 25.1117762718 
1115 17.2130660921 
1116 20.1669323362 
1117 23.1951134839 
1118 27.5592506865 
1119 20.9572636505 
1120 20.1103222428 
1121 16.3155534028 
1122 30.6361711797 
1123 18.2225563378 
1124 23.3771692155 
1125 14.5667091474 
1126 20.2531400646 
1127 26.6394189916 
1128 19.9184109845 
1129 16.3327990503 
1130 23.2239266796 
1131 0.163304247264 
1132 18.9420010863 
1133 26.1987231318 
1134 24.2916318774 
1135 26.3984850467 
1136 19.9024509038 
1137 24.4253831782 
1138 13.3748034969 
1139 25.1289875452 
1140 21.6368037982 
1141 30.3094435554 
1142 22.3165914776 
1143 20.1240088423 
1144 19.9733327879 
1145 1.21551084261 
1146 34.1934492574 
1147 17.9459852771 
1148 1.13944096902 
1149 21.9935300446 
1150 22.2706302308 
1151 26.002529706 
1152 24.3836397778 
1153 21.9334005159 
1154 29.2098573204 
1155 15.8872800963 
1156 22.7908248135 
1157 16.6076356434 
1158 17.6009791041 
1159 29.6756852296 
1160 20.4401071055 
1161 24.8559848632 
1162 29.8205679751 
1163 15.8009224119 
1164 21.5354899576 
1165 19.2682925819 
1166 22.5321933989 
1167 19.7070286046 
1168 19.6848179359 
1169 36.1135359713 
1170 16.4806535819 
1171 16.7394296368 
1172 21.66441006 
1173 22.5680882278 
1174 12.2377667141 
1175 14.630294348 
1176 15.3201417356 
1177 25.3434943045 
1178 20.6516222212 
1179 12.7481485268 
1180 18.0470289373 
1181 24.2273354233 
1182 24.9315330881 
1183 20.4726426959 
1184 20.4165439927 
1185 20.7162428356 
1186 18.6722981818 
1187 24.950336794 
1188 15.4731270393 
1189 23.9017126634 
1190 23.5052637934 
1191 20.4384764362 
1192 24.612150172 
1193 20.698075337 
1194 28.8594797788 
1195 27.084945172 
1196 28.6746405011 
1197 37.6500199504 
1198 19.4781914704 
1199 16.3126866031 
1200 24.3103961395 
1201 23.7775050007 
1202 21.0090717525 
1203 25.4641549098 
1204 22.7080110044 
1205 18.7132514808 
1206 25.0652576224 
1207 22.8665512643 
1208 13.0547028505 
1209 27.1262767418 
1210 19.7462605591 
1211 13.5974835221 
1212 23.7639482603 
1213 25.4174726503 
1214 26.1910629395 
1215 23.4617422269 
1216 17.7667232699 
1217 13.648032602 
1218 24.6197048759 
1219 18.0026261361 
1220 21.4105070558 
1221 19.451152886 
1222 30.9300429942 
1223 18.2588864574 
1224 28.6274714093 
1225 24.0779457996 
1226 18.167739052 
1227 23.3282719995 
1228 30.3694353358 
1229 22.5616258585 
1230 16.8283340101 
1231 19.6272379778 
1232 25.5992542429 
1233 24.487788454 
1234 16.6967342736 
1235 22.2605441661 
1236 17.055909914 
1237 20.5477750274 
1238 21.5890204952 
1239 24.2287625483 
1240 21.8105399055 
1241 21.5610840144 
1242 26.4908120055 
1243 18.8893960547 
1244 15.3126010915 
1245 18.8564811573 
1246 25.2898922662 
1247 25.0040101459 
1248 30.7918659097 
1249 23.6253358578 
1250 12.2539311644 
1251 13.2124824024 
1252 -0.150200454145 
1253 25.5497293161 
1254 22.1225674652 
1255 28.0678743175 
1256 30.7353380953 
1257 20.0756059453 
1258 23.0196064962 
1259 21.1206015512 
1260 24.1510361537 
1261 17.7893781863 
1262 36.3476923797 
1263 12.1340070301 
1264 21.7444406769 
1265 20.2023531829 
1266 16.2261175597 
1267 18.0516243607 
1268 13.2894199988 
1269 17.8343916366 
1270 22.8229986482 
1271 25.1399730045 
1272 19.7925320999 
1273 34.3390945085 
1274 17.7845300714 
1275 11.9239756083 
1276 19.0430731999 
1277 31.6438767863 
1278 21.0008059037 
1279 22.8075103172 
1280 15.7548691587 
1281 20.2282027062 
1282 15.5131689341 
1283 13.623927059 
1284 24.7394381553 
1285 18.2644619981 
1286 20.0613568254 
1287 22.2283624718 
1288 27.6546234126 
1289 30.5946940518 
1290 22.1604206874 
1291 27.7974461095 
1292 20.5119237011 
1293 26.3010425112 
1294 18.8898644025 
1295 27.3650634344 
1296 18.5975989462 
1297 26.9635600889 
1298 14.9773255875 
1299 14.9748526975 
1300 25.7744928981 
1301 19.2230685994 
1302 15.8338641422 
1303 26.9228960953 
1304 20.0315809605 
1305 24.4783460186 
1306 21.5279221847 
1307 18.5990135369 
1308 22.967915985 
1309 25.9031055905 
1310 24.8262156671 
1311 25.0244595862 
1312 24.2894925868 
1313 0.500778952478 
1314 19.1318555805 
1315 19.7415560216 
1316 26.7639494677 
1317 24.0376664465 
1318 30.3041642228 
1319 27.6889555184 
1320 15.5184573878 
1321 17.9297002525 
1322 20.690097699 
1323 18.433093083 
1324 20.1386923241 
1325 32.2319960409 
1326 17.4015765107 
1327 -1.84860788634 
1328 16.1804954745 
1329 25.2862401315 
1330 20.2841648044 
1331 27.1144454169 
1332 10.9118965593 
1333 19.9619591951 
1334 28.4061179685 
1335 23.3729417613 
1336 18.0655944881 
1337 24.994814416 
1338 19.5547533251 
1339 36.0397724256 
1340 17.9960220367 
1341 21.4120530843 
1342 25.8451509683 
1343 27.2897886255 
1344 27.2250812435 
1345 15.0886765441 
1346 19.7762815457 
1347 21.396953043 
1348 13.3173947866 
1349 20.3372415669 
1350 15.8513055105 
1351 14.663466033 
1352 32.8306804214 
1353 20.2732287839 
1354 18.1678407436 
1355 29.1732332128 
1356 30.4023940004 
1357 23.2799995397 
1358 24.0131540705 
1359 26.0010638987 
1360 17.6360631042 
1361 25.248448341 
1362 33.0197237191 
1363 28.0816989103 
1364 31.7224193154 
1365 21.7120126579 
1366 18.233068755 
1367 28.6803657389 
1368 26.3768848771 
1369 9.96379279673 
1370 16.8003156313 
1371 16.8193968702 
1372 24.5400175983 
1373 15.6267484642 
1374 37.2200858007 
1375 16.6249754035 
1376 22.4914940632 
1377 23.6700041275 
1378 26.1851634411 
1379 25.7487631127 
1380 16.2161693064 
1381 27.3100713018 
1382 19.7806585576 
1383 17.710937229 
1384 26.2801055566 
1385 17.3585501458 
1386 23.6715808565 
1387 24.162870752 
1388 14.8306901212 
1389 27.7940921245 
1390 17.8791354312 
1391 16.5023548393 
1392 22.1404418129 
1393 21.4446904167 
1394 19.9890080293 
1395 24.6226226434 
1396 20.82832429 
1397 21.0797596865 
1398 15.5761916694 
1399 19.8899813393 
1400 18.4674269362 
1401 25.606380598 
1402 21.9322021639 
1403 18.3554317896 
1404 24.7573687294 
1405 24.6308093857 
1406 22.7400743332 
1407 31.7988669147 
1408 15.77799815 
1409 25.345053685 
1410 19.4526715644 
1411 33.1028284649 
1412 22.6007464486 
1413 29.455961719 
1414 26.495497459 
1415 23.3157204931 
1416 16.8931719866 
1417 27.4017221392 
1418 21.3769098647 
1419 19.3451501796 
1420 -3.84774880968 
1421 18.682372059 
1422 19.2742010156 
1423 16.6451236966 
1424 28.9537369986 
1425 26.4997890872 
1426 26.2440541606 
1427 15.994103057 
1428 21.1033278763 
1429 23.6835106057 
1430 16.6286659784 
1431 23.4568181302 
1432 17.3673113149 
1433 21.818209015 
1434 2.74964753842 
1435 23.8162707154 
1436 18.730749841 
1437 17.6879422534 
1438 25.0168581985 
1439 16.8846726616 
1440 24.2292860974 
1441 23.146538778 
1442 22.7245915689 
1443 22.2326131255 
1444 27.4684109975 
1445 -0.847894806428 
1446 23.4714336596 
1447 16.4646355177 
1448 20.6864409576 
1449 28.8215591097 
1450 25.3760493977 
1451 24.2254564733 
1452 28.9632896715 
1453 39.7618015687 
1454 29.3174860643 
1455 23.2185276944 
1456 25.4533755604 
1457 27.7481625367 
1458 25.0672848737 
1459 21.2446692351 
1460 25.7990997683 
1461 22.3231181522 
1462 34.7836352747 
1463 22.3789707535 
1464 17.3312436428 
1465 22.3063134875 
1466 20.5271981825 
1467 15.7720446565 
1468 13.6314455212 
1469 20.0721629132 
1470 19.8003036318 
1471 23.9888166127 
1472 25.8667664911 
1473 27.6906516212 
1474 17.3665690118 
1475 24.9754832172 
1476 25.7102757289 
1477 27.0295123561 
1478 20.5959357076 
1479 24.2484613071 
1480 20.7295762038 
1481 27.2815407104 
1482 1.37939346603 
1483 19.3483416742 
1484 27.3654314513 
1485 24.7327734237 
1486 27.8989870863 
1487 16.8160887412 
1488 21.2410011493 
1489 27.1803248276 
1490 17.4127537185 
1491 17.2882665035 
1492 25.4170961933 
1493 34.6731497176 
1494 31.7568077322 
1495 25.3765283156 
1496 20.005819338 
1497 26.0989410203 
1498 28.2807915586 
1499 24.6538065894 
1500 20.2951691296 
1501 19.1347064547 
1502 19.1787360945 
1503 34.4945499981 
1504 30.5880785722 
1505 32.0693658681 
1506 24.8446309819 
1507 20.7283838102 
1508 23.2753359878 
1509 27.0601107059 
1510 35.6262908646 
1511 15.1981250285 
1512 11.165783593 
1513 26.1177310398 
1514 30.9512620396 
1515 29.2835954306 
1516 28.6132754594 
1517 27.640670642 
1518 28.1856089901 
1519 21.5148262481 
1520 14.184017829 
1521 24.6076220006 
1522 15.3026400672 
1523 14.9902816971 
1524 21.0011833971 
1525 22.2138895809 
1526 4.41127249886 
1527 17.4176461801 
1528 22.6275697905 
1529 22.9371200579 
1530 14.4394385754 
1531 26.192447425 
1532 29.0978717265 
1533 20.7571487639 
1534 27.3276358957 
1535 34.8005061215 
1536 26.2850898337 
1537 22.240124545 
1538 19.5212524717 
1539 14.9022726579 
1540 11.9497674733 
1541 20.0450148697 
1542 26.0576032012 
1543 23.2839111478 
1544 26.3256456327 
1545 31.2934302021 
1546 -1.15813448661 
1547 24.4892234988 
1548 23.946949115 
1549 34.12625668 
1550 22.8587245583 
1551 21.4826772117 
1552 30.7279358453 
1553 22.0061513483 
1554 27.6083836076 
1555 1.5674459118 
1556 16.3023769215 
1557 19.4511803368 
1558 17.9937004087 
1559 27.7870138378 
1560 25.8458315253 
1561 26.7082139 
1562 26.2308911867 
1563 15.8404567114 
1564 33.5160889694 
1565 22.7663293316 
1566 10.7107316387 
1567 22.5811932468 
1568 25.1664333176 
1569 25.1401830869 
1570 18.3401052225 
1571 28.2238439829 
1572 19.2182542527 
1573 22.0557785653 
1574 21.9536378543 
1575 0.390746506741 
1576 21.0646733016 
1577 14.7156061922 
1578 17.3143485662 
1579 17.5590505583 
1580 14.5482624301 
1581 18.8085269123 
1582 23.4945437645 
1583 14.3749274426 
1584 18.0374480625 
1585 -0.82685299567 
1586 28.1976878095 
1587 19.6330332865 
1588 10.4670917742 
1589 21.2495531663 
1590 10.9976631211 
1591 12.5669588385 
1592 19.4944540056 
1593 21.387585078 
1594 15.9113710499 
1595 22.014559836 
1596 20.2963861252 
1597 16.4048585168 
1598 30.8190137534 
1599 20.1944862995 
1600 25.4517539434 
1601 22.8502308744 
1602 25.4744724979 
1603 19.8909417014 
1604 11.7737844637 
1605 27.6912998816 
1606 32.8291308886 
1607 25.0171275155 
1608 11.3291990798 
1609 33.469055348 
1610 24.0979381196 
1611 21.8414166065 
1612 19.0589646971 
1613 27.8523746695 
1614 24.6766537446 
1615 25.2059214977 
1616 21.9093657424 
1617 22.1823790341 
1618 28.880176547 
1619 16.5960664778 
1620 18.6281904132 
1621 29.121232951 
1622 15.2329232799 
1623 25.2400735703 
1624 18.3997600162 
1625 26.4878379327 
1626 22.3171335219 
1627 25.7507065637 
1628 20.2984160344 
1629 20.8374349931 
1630 16.8341416674 
1631 26.5405806924 
1632 13.3513503974 
1633 22.4885945506 
1634 26.2927755021 
1635 29.5817184291 
1636 27.2555720214 
1637 20.3056084465 
1638 24.8389038634 
1639 20.2625174544 
1640 18.8988286108 
1641 22.8403764555 
1642 18.8092295498 
1643 25.8619209797 
1644 22.7784545167 
1645 36.1408291861 
1646 26.4120803377 
1647 17.5889913268 
1648 15.0550818051 
1649 20.0173811934 
1650 23.0155525477 
1651 22.7408252536 
1652 27.4154086701 
1653 19.3613802811 
1654 23.3400044673 
1655 21.606609086 
1656 16.99014844 
1657 18.3051004999 
1658 21.7879219145 
1659 29.0740125563 
1660 17.4184227794 
1661 20.4281350607 
1662 24.5923728989 
1663 26.9918372269 
1664 22.5167271319 
1665 26.2266973015 
1666 21.0722658166 
1667 19.9945228943 
1668 17.446173524 
1669 23.4880760057 
1670 27.7635476497 
1671 30.2684359503 
1672 19.6275216606 
1673 11.7458198726 
1674 23.7999312659 
1675 23.6809090572 
1676 22.5168761994 
1677 26.3919574732 
1678 26.3021894552 
1679 24.6389795744 
1680 25.7127239816 
1681 20.65656525 
1682 28.4958515184 
1683 25.4806141518 
1684 23.8865512357 
1685 22.9566442759 
1686 22.7067438469 
1687 19.2510850332 
1688 32.6827737091 
1689 34.7323603826 
1690 21.8251467624 
1691 17.6389410766 
1692 23.9442240468 
1693 25.229773419 
1694 24.84400027 
1695 13.4945744317 
1696 22.6299543854 
1697 23.005412183 
1698 17.7716026986 
1699 26.069776403 
1700 9.44475793505 
1701 22.6649244522 
1702 30.677081013 
1703 22.3093841737 
1704 20.3214798892 
1705 19.94549521 
1706 27.7714104464 
1707 21.9248386731 
1708 25.2103559208 
1709 24.1224735333 
1710 21.18663883 
1711 24.773618784 
1712 11.7646611478 
1713 27.8238747387 
1714 24.6556293847 
1715 28.7663925917 
1716 11.9077157641 
1717 18.624714255 
1718 14.9144625883 
1719 24.7224128169 
1720 22.5505034294 
1721 20.7765425289 
1722 27.1116886857 
1723 27.035808594 
1724 25.4480288339 
1725 27.4875232652 
1726 20.6822666151 
1727 16.3804482275 
1728 37.0348977076 
1729 29.7501514137 
1730 16.0281345987 
1731 26.2516097838 
1732 19.3719017031 
1733 15.3215479315 
1734 31.6355253831 
1735 35.0275329315 
1736 32.2400072202 
1737 24.3611366291 
1738 24.5571725417 
1739 13.6476921284 
1740 25.8722071195 
1741 15.0962918752 
1742 21.1102774162 
1743 15.6432565897 
1744 20.7865556508 
1745 29.7471386015 
1746 36.0839144576 
1747 26.5019910449 
1748 27.2280044418 
1749 16.459746493 
1750 12.0335557398 
1751 20.0572234648 
1752 23.5775928409 
1753 25.2999829641 
1754 21.6808590574 
1755 31.0055602312 
1756 24.1739383445 
1757 22.7586346273 
1758 23.2732147166 
1759 -2.65774654611 
1760 34.5272580293 
1761 20.1061974347 
1762 26.3875548323 
1763 23.2144468048 
1764 23.0286602643 
1765 28.5438644579 
1766 24.5808059966 
1767 24.7304531253 
1768 27.1291956293 
1769 26.3860604624 
1770 32.8724751547 
1771 16.8393782053 
1772 30.8245574886 
1773 22.7446702314 
1774 18.7476687611 
1775 31.7220269441 
1776 31.8690306884 
1777 21.6918147587 
1778 27.2264939381 
1779 17.5918777323 
1780 25.8791600521 
1781 18.5612166841 
1782 28.8881084105 
1783 24.1335914453 
1784 15.9173053879 
1785 17.6427018936 
1786 26.4380419296 
1787 32.2897747557 
1788 24.7052617058 
1789 17.7668089449 
1790 27.1028560637 
1791 23.093125955 
1792 12.697704327 
1793 29.8934654003 
1794 24.2067729099 
1795 21.7091887654 
1796 20.6324382931 
1797 23.4432381378 
1798 25.8233418958 
1799 21.6464944624 
1800 17.5176802632 
1801 30.6302305336 
1802 23.0474629538 
1803 20.2248474546 
1804 16.7168924719 
1805 20.4925812549 
1806 31.00394472 
1807 20.6650387745 
1808 24.114046459 
1809 20.9833561085 
1810 -0.361858353056 
1811 15.3771059179 
1812 23.4640328127 
1813 0.0697780157546 
1814 27.225486837 
1815 30.891166615 
1816 27.665488205 
1817 34.096010699 
1818 21.4671555124 
1819 22.9040311278 
1820 28.1140813467 
1821 17.6456430978 
1822 18.5531873311 
1823 21.5848579119 
1824 21.8390693051 
1825 16.726735909 
1826 23.7380390371 
1827 -6.88980464965 
1828 21.7656179599 
1829 26.8385649127 
1830 15.8778099546 
1831 18.2543076353 
1832 17.396906557 
1833 19.6994262468 
1834 21.1134173049 
1835 21.1352070573 
1836 23.6695868651 
1837 15.2270038099 
1838 25.704449224 
1839 27.5343738159 
1840 22.5253405879 
1841 15.9080354642 
1842 27.3489136376 
1843 25.2306039905 
1844 19.176379736 
1845 18.5584300593 
1846 20.0476031011 
1847 18.0473238181 
1848 16.4934123872 
1849 34.0481996791 
1850 24.3719869485 
1851 13.789515699 
1852 19.7410360967 
1853 38.4219325449 
1854 22.9146168496 
1855 19.214056381 
1856 23.4491326662 
1857 19.9343086563 
1858 16.6798307006 
1859 18.2504894498 
1860 17.0220745524 
1861 14.1403111905 
1862 30.4851174146 
1863 23.47220028 
1864 14.1205934202 
1865 2.50277766887 
1866 22.4994455931 
1867 12.413989156 
1868 22.9506595231 
1869 26.6851618524 
1870 21.6996730736 
1871 30.1207967206 
1872 22.7062419059 
1873 28.1703639703 
1874 30.3840069342 
1875 34.1442802082 
1876 25.6896606197 
1877 24.4987753333 
1878 20.0476619247 
1879 32.6818198437 
1880 31.2633489491 
1881 28.0996629501 
1882 16.4809818737 
1883 16.6227947087 
1884 35.4793555425 
1885 26.9309626434 
1886 19.7054873552 
1887 13.9187559141 
1888 29.9885880616 
1889 32.0202202475 
1890 27.5899534475 
1891 3.66721487589 
1892 19.8099913317 
1893 23.4341021812 
1894 21.6331589811 
1895 27.3557659201 
1896 34.3105645523 
1897 25.2121914046 
1898 23.5127609932 
1899 27.7254200693 
1900 13.7630726216 
1901 20.9663300234 
1902 22.6408667504 
1903 21.2462764308 
1904 21.6626333742 
1905 23.1712978532 
1906 27.3335622648 
1907 14.275136965 
1908 21.5904000508 
1909 16.4588277718 
1910 23.399012446 
1911 22.4839560555 
1912 12.130731381 
1913 20.8808112769 
1914 23.7037913693 
1915 17.9748614382 
1916 22.1476371179 
1917 28.9319440771 
1918 31.6988075837 
1919 25.6629272224 
1920 25.1272528527 
1921 24.2658349851 
1922 17.4572128358 
1923 44.7019233984 
1924 12.0834234698 
1925 0.507236451699 
1926 16.0919665891 
1927 18.8613294882 
1928 28.0193723284 
1929 17.9664615954 
1930 17.4385630011 
1931 -2.0379823743 
1932 21.76744368 
1933 25.2669601491 
1934 29.9051390036 
1935 20.5352072193 
1936 23.6177128068 
1937 30.9315994747 
1938 -0.892734393222 
1939 21.0344851311 
1940 19.9590383013 
1941 10.9999142756 
1942 15.9091137304 
1943 26.1629081664 
1944 21.968102611 
1945 19.8167341476 
1946 24.3718238188 
1947 30.4751964553 
1948 17.5375479225 
1949 29.3241008513 
1950 33.5053497038 
1951 21.7103638262 
1952 16.8155208856 
1953 17.908970076 
1954 24.9369540397 
1955 18.2313788828 
1956 17.2136240949 
1957 17.920652862 
1958 18.9056281943 
1959 20.9789842857 
1960 22.1904462161 
1961 25.7369391873 
1962 23.4963353218 
1963 18.0968141498 
1964 24.6602179955 
1965 25.253867812 
1966 31.379643853 
1967 25.7040288814 
1968 19.9822828769 
1969 17.5764606698 
1970 23.6140295358 
1971 22.6290498564 
1972 22.6450528597 
1973 19.9318416055 
1974 20.1700150805 
1975 25.0813574203 
1976 21.1634794594 
1977 24.2123114139 
1978 24.8706904117 
1979 16.6048308816 
1980 24.9855516893 
1981 26.5060425513 
1982 26.4589532818 
1983 19.3696629498 
1984 23.7983077624 
1985 18.9311130727 
1986 20.0922485564 
1987 17.067712352 
1988 16.139124485 
1989 30.5721433633 
1990 24.3204911669 
1991 19.4386644398 
1992 26.1358637005 
1993 24.8069481306 
1994 26.2403341194 
1995 19.3347642558 
1996 24.4647995426 
1997 26.8676789663 
1998 -1.41819186919 
1999 23.0655722968 
2000 29.2888501089 
2001 21.4485077597 
2002 19.630275297 
2003 26.3335900626 
2004 22.7140116992 
2005 29.6979610883 
2006 24.2442872674 
2007 17.7736086703 
2008 12.4259495655 
2009 19.103707953 
2010 25.9555626384 
2011 21.7391529161 
2012 23.1176186684 
2013 18.8999002685 
2014 28.2683810402 
2015 27.2277205601 
2016 16.3582933104 
2017 25.7660429517 
2018 19.0158591672 
2019 25.9542633915 
2020 14.785817022 
2021 29.4259865262 
2022 23.7867316239 
2023 29.9438245693 
2024 18.8960970732 
2025 20.6547151149 
2026 28.124419559 
2027 23.3366357175 
2028 26.2562702242 
2029 14.7193704854 
2030 21.0590454984 
2031 17.5215728921 
2032 21.6156583066 
2033 21.0782383344 
2034 20.3257796737 
2035 17.3357858451 
2036 26.2396500071 
2037 23.5070759767 
2038 -0.796058112651 
2039 17.290623147 
2040 23.0405843675 
2041 24.2947839964 
2042 27.8293587307 
2043 14.7604106734 
2044 24.9649165381 
2045 18.8088796851 
2046 19.4020716484 
2047 29.7676404705 
2048 19.4633281485 
2049 15.0279056066 
2050 18.0820012545 
2051 22.6164323164 
2052 16.8701848519 
2053 38.7001690263 
2054 18.3902406574 
2055 20.698369064 
2056 17.6149110046 
2057 31.1562114178 
2058 17.45116264 
2059 24.3476827788 
2060 23.198208972 
2061 18.7908118016 
2062 21.6435369463 
2063 26.8081172097 
2064 26.7137648702 
2065 15.2815419128 
2066 22.2667777002 
2067 19.2662917477 
2068 38.2414971514 
2069 23.6117619956 
2070 22.7858759411 
2071 24.6778382184 
2072 28.120098036 
2073 24.1883367815 
2074 20.4961905667 
2075 18.8494014001 
2076 22.3656005688 
2077 23.6974750769 
2078 21.0496541167 
2079 18.6639412048 
2080 22.4785724911 
2081 17.9968323034 
2082 14.0752265049 
2083 19.6194690153 
2084 20.9747522282 
2085 23.5335257987 
2086 15.4190000969 
2087 26.0792848146 
2088 26.372393571 
2089 10.6668613194 
2090 20.1265022464 
2091 26.424205547 
2092 26.6495508138 
2093 28.0830475935 
2094 19.7640928748 
2095 27.6771907027 
2096 20.2512390496 
2097 23.5215869373 
2098 28.9436277076 
2099 23.5179903987 
2100 24.4781255734 
2101 24.6441689861 
2102 20.5265605005 
2103 25.9631352116 
2104 18.0923384608 
2105 26.237928525 
2106 14.4753649974 
2107 24.7324271905 
2108 25.4226967117 
2109 19.4572268017 
2110 21.5434655763 
2111 23.5426718105 
2112 31.7619982204 
2113 31.1788952186 
2114 19.1251392389 
2115 19.4516699862 
2116 26.6821160601 
2117 29.8070593309 
2118 20.3206357923 
2119 24.4092128084 
2120 25.3065868185 
2121 18.4166905412 
2122 22.7089849462 
2123 -1.78848115646 
2124 27.00030136 
2125 23.5808291832 
2126 24.9363256678 
2127 23.8667890601 
2128 25.6415273934 
2129 23.235881248 
2130 34.1978172868 
2131 22.675939647 
2132 0.325937698789 
2133 19.80249484 
2134 27.9040861927 
2135 20.9035799117 
2136 25.2350538744 
2137 23.7204358616 
2138 28.8972510626 
2139 32.2988607941 
2140 24.3528881001 
2141 22.4598037047 
2142 32.4091937959 
2143 23.6992089184 
2144 22.101976415 
2145 25.7034850389 
2146 18.6197641081 
2147 25.3556143448 
2148 0.400127199603 
2149 27.4814931304 
2150 22.1331419213 
2151 25.5266676287 
2152 21.4212152074 
2153 22.2804484475 
2154 27.7012650768 
2155 18.9345265181 
2156 19.8073562355 
2157 12.6715186602 
2158 20.0634351468 
2159 26.523503103 
2160 28.0053235178 
2161 21.6092007158 
2162 28.5624396036 
2163 22.3908809619 
2164 23.2425608107 
2165 13.1511985314 
2166 27.503152272 
2167 26.6072194829 
2168 15.8022783488 
2169 13.8751066055 
2170 12.931145692 
2171 20.2355176272 
2172 22.6977123498 
2173 21.4400086593 
2174 19.8476776273 
2175 27.0946986518 
2176 20.1927137999 
2177 18.3942474756 
2178 11.5261378769 
2179 9.96419462952 
2180 16.1876715742 
2181 15.1933734794 
2182 22.6412977869 
2183 29.6860020707 
2184 20.8004657345 
2185 27.034767615 
2186 18.2159697988 
2187 29.7635866597 
2188 29.5729070347 
2189 28.331243278 
2190 21.267196507 
2191 25.4379115953 
2192 19.4530822032 
2193 21.5900583991 
2194 17.9455223488 
2195 22.2799023334 
2196 14.0255276935 
2197 22.2167836357 
2198 18.0322783101 
2199 11.9418532917 
2200 27.1402452719 
2201 20.8304663183 
2202 24.1167845053 
2203 14.4639524159 
2204 24.1338543072 
2205 22.0053470334 
2206 18.5257242746 
2207 21.3321368713 
2208 23.5002665732 
2209 29.7377066973 
2210 15.9840759958 
2211 20.6630657382 
2212 19.1904431775 
2213 10.0986860891 
2214 27.3084596484 
2215 43.1522917375 
2216 23.1588706906 
2217 19.5965103552 
2218 14.1721373287 
2219 16.3343754751 
2220 23.7084781469 
2221 22.303355129 
2222 25.7686320023 
2223 25.3447325217 
2224 19.6931079999 
2225 14.2439228578 
2226 25.7967147724 
2227 18.5912280759 
2228 -0.501571294642 
2229 21.4373681218 
2230 19.3858953626 
2231 32.0706481597 
2232 25.2248114009 
2233 19.9425453381 
2234 19.9204999378 
2235 19.3520425079 
2236 18.1454678552 
2237 29.0812471873 
2238 34.4648876076 
2239 12.4406755765 
2240 27.5404725931 
2241 26.7730293158 
2242 16.118462946 
2243 12.0855817618 
2244 23.9482751518 
2245 26.8268021361 
2246 21.5561137322 
2247 20.4470907552 
2248 -0.273276020479 
2249 12.7858352114 
2250 3.24002406187 
2251 21.8053174485 
2252 20.0381848242 
2253 20.8519259202 
2254 0.553103350744 
2255 25.7875087893 
2256 34.1422845866 
2257 13.0205417016 
2258 18.351169696 
2259 23.8411445925 
2260 16.3573208087 
2261 33.1871189609 
2262 18.2911208335 
2263 25.4378572192 
2264 20.4198455346 
2265 28.7834946215 
2266 14.606194408 
2267 18.9232154641 
2268 16.7047485491 
2269 27.5844495533 
2270 18.7980463318 
2271 12.6075920757 
2272 27.3053394108 
2273 23.0055893816 
2274 22.2902884642 
2275 18.6528964352 
2276 26.0928312286 
2277 28.4066083181 
2278 23.4372914906 
2279 26.1339873493 
2280 15.043107523 
2281 27.274977032 
2282 21.3527588191 
2283 18.1737338896 
2284 23.7797355636 
2285 23.9659031747 
2286 20.7889099348 
2287 24.4694051361 
2288 25.4038979496 
2289 23.8432720098 
2290 28.5647867432 
2291 23.5130563696 
2292 20.7883070583 
2293 21.0874176826 
2294 20.611230032 
2295 17.8509422123 
2296 13.7680597684 
2297 37.2761761147 
2298 26.4502116141 
2299 42.4946320074 
2300 27.7540680875 
2301 23.6180934308 
2302 35.6872850287 
2303 21.5158660253 
2304 19.0493422686 
2305 11.6167156576 
2306 15.4006923982 
2307 20.9910951421 
2308 30.2014979217 
2309 21.057851668 
2310 30.6746789624 
2311 25.8581495415 
2312 17.7978926725 
2313 25.9398306052 
2314 23.0248558181 
2315 21.1509977214 
2316 27.446957142 
2317 21.5889189174 
2318 19.9793146223 
2319 24.5337961902 
2320 26.3848372657 
2321 29.7579845523 
2322 27.1294961433 
2323 27.5536559485 
2324 26.0456521336 
2325 21.9617866796 
2326 20.1265938908 
2327 21.939926319 
2328 27.0835798821 
2329 24.6264008006 
2330 17.2326420185 
2331 12.8383641087 
2332 26.6819106561 
2333 24.6926344556 
2334 11.579357329 
2335 18.4904329671 
2336 25.6909873723 
2337 25.7040761857 
2338 -0.596301597111 
2339 21.7974578631 
2340 22.8036950927 
2341 21.955332135 
2342 21.4989976925 
2343 25.7371312754 
2344 22.8341965842 
2345 20.7278383528 
2346 21.6106590475 
2347 33.8760761051 
2348 25.7049758154 
2349 2.58516390975 
2350 22.5303130349 
2351 26.1534450204 
2352 18.5561371582 
2353 28.4854412937 
2354 28.228712166 
2355 17.5334274142 
2356 27.9673167679 
2357 21.1671085472 
2358 25.9944262194 
2359 21.5172765472 
2360 29.2407040068 
2361 22.4825788532 
2362 16.787585086 
2363 26.0819336958 
2364 17.9260697045 
2365 19.8001343015 
2366 11.3695452049 
2367 13.4374703822 
2368 -0.332866866109 
2369 22.1584987097 
2370 24.5943412712 
2371 17.7806258267 
2372 17.4344253783 
2373 21.6543480128 
2374 19.2243575055 
2375 28.6727960258 
2376 26.6373381884 
2377 20.6058748773 
2378 13.1818288187 
2379 21.4933838065 
2380 20.7781829219 
2381 13.9897528012 
2382 23.0224103599 
2383 21.7669463944 
2384 30.1782905266 
2385 31.0036602923 
2386 23.6296984649 
2387 20.7408682876 
2388 25.6463627962 
2389 21.4716120502 
2390 13.548081729 
2391 22.9766839418 
2392 18.9575390632 
2393 25.5302826268 
2394 27.7817604562 
2395 12.9921964261 
2396 20.3964707126 
2397 20.0598705954 
2398 25.9765068754 
2399 24.1691598324 
2400 22.81239849 
2401 16.3952106005 
2402 15.0231992166 
2403 25.8684283596 
2404 26.3646945682 
2405 23.927330389 
2406 18.4008677753 
2407 26.2619439625 
2408 27.6642652995 
2409 19.6973808775 
2410 12.370249023 
2411 22.3989942023 
2412 19.9113355323 
2413 12.9359925734 
2414 22.4150718868 
2415 -0.196375138305 
2416 19.1923255846 
2417 22.6300638408 
2418 22.1239975355 
2419 10.627321733 
2420 22.0953003317 
2421 27.4272553872 
2422 15.7736573804 
2423 28.7346803799 
2424 23.6337391365 
2425 27.1319915176 
2426 30.4186213372 
2427 37.7499927505 
2428 19.8367552543 
2429 22.1013606159 
2430 26.9044585757 
2431 20.3581604709 
2432 26.8288013006 
2433 19.9353027172 
2434 20.7764719579 
2435 14.9607805654 
2436 21.5916220921 
2437 23.7924744153 
2438 21.3533905341 
2439 19.1523551817 
2440 23.1460236363 
2441 32.3819102421 
2442 -0.492177074383 
2443 18.7577597367 
2444 24.4829794776 
2445 24.3165402955 
2446 25.6841378116 
2447 24.428430728 
2448 8.33475788411 
2449 30.0041804037 
2450 19.199508179 
2451 21.3491858072 
2452 26.0140998916 
2453 23.5270334177 
2454 19.8052064723 
2455 17.1042881161 
2456 0.100582295429 
2457 22.9965426966 
2458 27.5378568597 
2459 23.1053575982 
2460 22.4438520397 
2461 32.7740410045 
2462 12.336741952 
2463 26.954197389 
2464 23.0712025627 
2465 16.8561324085 
2466 22.9970816753 
2467 25.118513559 
2468 18.5165629205 
2469 18.2089403521 
2470 21.4450461244 
2471 22.8380941596 
2472 17.1809801923 
2473 23.3485224848 
2474 15.3445360359 
2475 30.1142177538 
2476 21.6994963784 
2477 17.7646286416 
2478 22.670400429 
2479 28.002009911 
2480 16.5552689373 
2481 20.1584647364 
2482 19.3581172153 
2483 21.3529268564 
2484 27.3087760317 
2485 18.793931783 
2486 28.8133707569 
2487 20.3062941383 
2488 16.6851357054 
2489 14.3025004766 
2490 -0.763588842874 
2491 22.3460875621 
2492 26.3305383439 
2493 19.4266912921 
2494 32.3376714071 
2495 16.2203932159 
2496 20.4540893343 
2497 20.4633375884 
2498 14.4502171062 
2499 19.825064989 
2500 19.651539367 
2501 21.7599967382 
2502 23.5449781134 
2503 23.0873203704 
2504 20.6096643601 
2505 26.795916312 
2506 24.355081376 
2507 23.3156182678 
2508 32.7796919994 
2509 25.783735214 
2510 14.279884774 
2511 -0.916968718305 
2512 21.0860036462 
2513 16.2868101434 
2514 28.0256124847 
2515 23.232251014 
2516 22.1574647853 
2517 18.7021575997 
2518 23.1635794003 
2519 20.1779522079 
2520 28.4512969379 
2521 19.4889231377 
2522 16.0746271131 
2523 17.3680745531 
2524 13.6866370678 
2525 15.2944634413 
2526 20.3285477326 
2527 13.3483375722 
2528 21.2124283799 
2529 27.9129080422 
2530 12.6971859269 
2531 21.5475238805 
2532 -0.0902959026386 
2533 19.4809293692 
2534 20.842067124 
2535 25.7450833311 
2536 25.0547363453 
2537 20.2751241292 
2538 14.3602427763 
2539 26.1114197783 
2540 10.8276868649 
2541 20.7008216186 
2542 24.4205462345 
2543 31.5688005756 
2544 18.0454536949 
2545 21.315682679 
2546 26.7276976347 
2547 26.6551911161 
2548 18.6891192341 
2549 17.8753674774 
2550 5.47384879706 
2551 16.8846938631 
2552 26.3833048409 
2553 24.9357560708 
2554 20.2211476321 
2555 22.8980950006 
2556 24.3306211445 
2557 17.7214000621 
2558 25.3563122829 
2559 22.8981175094 
2560 28.2734828591 
2561 26.0778348372 
2562 31.6793874516 
2563 18.6320936064 
2564 14.0811636372 
2565 26.2911271765 
2566 28.6034387423 
2567 14.3875236599 
2568 24.8577233337 
2569 22.6929380445 
2570 21.2380289335 
2571 23.0918685321 
2572 23.8457920265 
2573 21.0035556265 
2574 27.8072728536 
2575 19.4555712372 
2576 21.810424534 
2577 16.4811664811 
2578 25.5965503496 
2579 18.4875824491 
2580 14.6935531367 
2581 33.203859515 
2582 22.4104972991 
2583 22.1398728801 
2584 14.6907412284 
2585 21.4659643599 
2586 21.786095031 
2587 16.8085378308 
2588 20.7971309626 
2589 19.2239024325 
2590 21.9269967037 
2591 14.3947518306 
2592 29.5085100485 
2593 27.3723340393 
2594 20.4474127297 
2595 24.583445097 
2596 24.3505553171 
2597 23.2551787852 
2598 17.4909577131 
2599 22.7988786945 
2600 29.9718657315 
2601 29.7233587282 
2602 32.8451166398 
2603 25.9093046429 
2604 10.3480967606 
2605 1.83363431109 
2606 19.3469679609 
2607 0.893426886071 
2608 21.5445334849 
2609 19.1863222163 
2610 28.4103461254 
2611 23.2596273919 
2612 16.2206400527 
2613 22.4222245716 
2614 20.0719179364 
2615 26.128977259 
2616 26.0836908522 
2617 22.2364701869 
2618 32.305863255 
2619 17.6941471663 
2620 25.442176448 
2621 20.4040192632 
2622 15.4338471355 
2623 17.350603531 
2624 22.645876423 
2625 16.0749070341 
2626 23.316970077 
2627 24.1594781093 
2628 19.2253661071 
2629 24.0004977971 
2630 9.86169401168 
2631 18.1066833715 
2632 25.5916314824 
2633 26.3986406675 
2634 24.5705022669 
2635 23.8272549523 
2636 26.6711984117 
2637 2.19948122457 
2638 17.945188105 
2639 19.5539493483 
2640 16.7848052826 
2641 25.9531270669 
2642 15.1146464863 
2643 25.2123908029 
2644 27.9916838033 
2645 19.7105682772 
2646 19.476574454 
2647 24.7445688692 
2648 15.1515247055 
2649 20.5024900924 
2650 20.3490900034 
2651 20.9715176452 
2652 27.8477680185 
2653 19.1605418025 
2654 31.0906767929 
2655 33.5537708358 
2656 25.2729600815 
2657 16.075325512 
2658 18.2792749272 
2659 22.3848983994 
2660 18.022116671 
2661 20.7022931076 
2662 22.5770499277 
2663 27.6857692591 
2664 25.8812194925 
2665 18.9750976253 
2666 24.8858197567 
2667 25.7413939331 
2668 22.87320254 
2669 24.2168823614 
2670 19.5415605681 
2671 17.7777581297 
2672 26.8467978112 
2673 16.4096704244 
2674 28.9062195627 
2675 14.9752909518 
2676 19.3345881122 
2677 19.2976775752 
2678 16.9267333009 
2679 24.5335450883 
2680 18.8559723998 
2681 0.86419039206 
2682 26.6525862655 
2683 22.6052970823 
2684 22.6263376417 
2685 21.8377123684 
2686 23.6594599956 
2687 23.651659242 
2688 14.0646657235 
2689 15.9432922748 
2690 24.7475347753 
2691 30.3971221469 
2692 22.6493665106 
2693 22.6231495237 
2694 12.7058713592 
2695 20.0207125535 
2696 16.7155031357 
2697 18.4931449992 
2698 21.9039233834 
2699 26.0013447913 
2700 24.9958878737 
2701 20.6516707084 
2702 27.2672033605 
2703 21.6236381515 
2704 27.8025907814 
2705 14.9634209966 
2706 13.4835884642 
2707 24.219576816 
2708 23.4124868945 
2709 20.3544201828 
2710 37.1452116144 
2711 22.448786667 
2712 20.2066325975 
2713 22.4636478 
2714 24.3941556113 
2715 19.3155044674 
2716 10.1170028722 
2717 15.6927105935 
2718 21.4701474045 
2719 21.3206912937 
2720 21.7213140338 
2721 26.7355585698 
2722 -0.37963242952 
2723 21.3381722536 
2724 17.9173252387 
2725 19.3099450002 
2726 21.0081298597 
2727 20.0912124165 
2728 29.7628794552 
2729 26.3963069331 
2730 17.6154479826 
2731 19.3360940272 
2732 19.3201260995 
2733 19.1522609952 
2734 17.8316271644 
2735 20.7763594635 
2736 23.5637502776 
2737 28.1162777436 
2738 29.5286053175 
2739 24.9800867602 
2740 24.0974244828 
2741 26.9904302406 
2742 19.6756047605 
2743 30.704227209 
2744 10.2616989445 
2745 18.3570662058 
2746 19.3737037368 
2747 26.4397473098 
2748 22.8280864051 
2749 19.9863610948 
2750 16.7695853299 
2751 22.5013586085 
2752 28.3731132658 
2753 25.1661874973 
2754 28.091135829 
2755 19.3287314537 
2756 15.492836755 
2757 21.5158480486 
2758 19.3100313076 
2759 18.6016076758 
2760 17.3937561823 
2761 16.0079963409 
2762 17.3817661155 
2763 20.1367959609 
2764 23.064633416 
2765 23.5032521432 
2766 17.5132233086 
2767 24.9685800789 
2768 17.8557144017 
2769 22.8325571249 
2770 30.2447573949 
2771 25.7552034149 
2772 22.1418259105 
2773 22.9968641915 
2774 18.648381319 
2775 21.0129039627 
2776 24.2668835289 
2777 26.1158459711 
2778 30.0121177502 
2779 13.4177071614 
2780 23.0323337574 
2781 29.1460864574 
2782 15.0512234416 
2783 22.6150782418 
2784 19.1963717365 
2785 21.9993174268 
2786 21.8091410174 
2787 12.845260149 
2788 19.9129808994 
2789 22.1656586449 
2790 26.1519692052 
2791 18.4577957307 
2792 27.9565307514 
2793 32.7428702631 
2794 30.5217744693 
2795 23.1881610601 
2796 21.5372554821 
2797 22.3295434447 
2798 22.4442625021 
2799 17.9900181517 
2800 23.1654426657 
2801 24.148893891 
2802 35.3430325438 
2803 21.7276035714 
2804 24.2429225543 
2805 32.9651272084 
2806 20.9351569145 
2807 23.6096150785 
2808 22.5725628192 
2809 26.8856137586 
2810 15.0256760548 
2811 23.7907699283 
2812 26.8088636793 
2813 22.3761739049 
2814 28.6370551095 
2815 22.6711438705 
2816 31.0824400551 
2817 25.5605577403 
2818 24.3626302088 
2819 30.7590632836 
2820 23.327588244 
2821 20.877571652 
2822 22.0425110114 
2823 17.4402588874 
2824 28.7945723609 
2825 25.4444213755 
2826 17.9297921605 
2827 10.7203378965 
2828 17.9687844579 
2829 25.3579044869 
2830 21.7431401309 
2831 21.4866142691 
2832 13.1051118613 
2833 14.1479930452 
2834 24.4785883334 
2835 22.9107663959 
2836 24.7732824532 
2837 2.08294566924 
2838 32.195726091 
2839 27.3783129098 
2840 31.8506250634 
2841 15.1400768832 
2842 19.7582649942 
2843 19.3129814263 
2844 20.4646790055 
2845 24.67247938 
2846 22.1742953134 
2847 19.294258481 
2848 12.8801624023 
2849 18.2242629898 
2850 22.1671000888 
2851 23.5704009637 
2852 19.439104911 
2853 30.5863806386 
2854 29.6471762268 
2855 25.134191049 
2856 24.5066446937 
2857 24.5376718038 
2858 35.2448824377 
2859 28.5043958555 
2860 25.674377363 
2861 16.2446085768 
2862 21.0698861059 
2863 26.6115792967 
2864 21.1700321993 
2865 16.6514186345 
2866 9.90107976908 
2867 29.5178698617 
2868 28.1142037849 
2869 26.5551271692 
2870 25.9795755218 
2871 26.8365737442 
2872 24.2628793511 
2873 22.2203801053 
2874 24.8184529221 
2875 22.0358921633 
2876 19.5455215992 
2877 16.4894659612 
2878 23.0471144134 
2879 18.4821110385 
2880 19.7674421494 
2881 15.6455731207 
2882 24.5910618665 
2883 40.6798665829 
2884 16.8740304609 
2885 21.7259007489 
2886 35.4825662787 
2887 26.7197444784 
2888 28.8004268484 
2889 16.2651744555 
2890 25.5329135241 
2891 23.2090148174 
2892 24.5586826899 
2893 21.3653423417 
2894 27.032218969 
2895 16.8725655394 
2896 24.9889106969 
2897 24.2878239051 
2898 13.8826872417 
2899 2.39085799769 
2900 20.0458914712 
2901 27.5010592981 
2902 32.1996053321 
2903 24.0707068073 
2904 20.1266667669 
2905 27.6371034676 
2906 32.8700242732 
2907 25.5695471933 
2908 28.0076916833 
2909 25.5335263205 
2910 22.7801235281 
2911 20.8729431533 
2912 18.6984932231 
2913 22.6589046752 
2914 16.8274723629 
2915 22.8168757178 
2916 30.0305263556 
2917 21.4958954336 
2918 15.4298132223 
2919 20.7987462564 
2920 16.6808821143 
2921 16.4544632523 
2922 20.7221351079 
2923 28.9117572974 
2924 22.2697702541 
2925 24.0951907027 
2926 20.2914052143 
2927 16.4988540344 
2928 27.8181644404 
2929 14.3864789402 
2930 24.4299405276 
2931 19.9093764478 
2932 23.6680309601 
2933 14.4256568241 
2934 22.058291282 
2935 24.4226220678 
2936 25.974750678 
2937 26.7825606231 
2938 24.4737606973 
2939 14.3938574341 
2940 19.8968061102 
2941 20.4602824577 
2942 31.3146817583 
2943 30.3881011823 
2944 19.0298635227 
2945 26.5634764423 
2946 23.9621670405 
2947 0.637888348027 
2948 18.5327771424 
2949 19.1180835558 
2950 22.5291286477 
2951 15.6088599118 
2952 20.717499972 
2953 16.9290550235 
2954 16.7151771449 
2955 15.6900107258 
2956 21.5232158539 
2957 26.1498629032 
2958 23.4296933533 
2959 14.5666115128 
2960 24.9042435076 
2961 18.8499089154 
2962 21.4720301193 
2963 21.7561850358 
2964 20.029924115 
2965 27.9714673751 
2966 15.6018390614 
2967 13.9759199894 
2968 25.0834813855 
2969 22.7415522404 
2970 13.9816156937 
2971 21.5531072799 
2972 27.2098954085 
2973 20.7970965806 
2974 18.6994222261 
2975 17.4060535061 
2976 30.2806914052 
2977 18.8395879206 
2978 26.6778850355 
2979 24.4630869445 
2980 25.2287421377 
2981 19.4500101029 
2982 19.4014626385 
2983 10.9396395586 
2984 31.7726268157 
2985 7.50583114115 
2986 15.8123113311 
2987 26.4224508306 
2988 27.8482120259 
2989 10.934447054 
2990 19.4614529311 
2991 19.229522515 
2992 27.0768403065 
2993 18.0661858519 
2994 17.884354008 
2995 21.6912120111 
2996 19.9538404574 
2997 23.0906928799 
2998 23.617996113 
2999 19.5616522349 
