3963 12
4766 11
4554 12
3316 10
3977 12
4666 11
422 11
3904 9
935 11
3006 10
2417 11
4374 8
231 10
331 10
3849 11
1271 11
2596 8
1343 9
1707 10
1616 11
1660 11
2865 9
4652 11
4333 9
1276 10
2735 10
1667 11
4519 9
2858 11
2883 9
3366 11
233 10
2420 11
1908 12
79 9
1840 12
1618 10
2114 11
595 10
2771 11
4240 9
4378 10
3402 10
3921 11
4046 9
3015 10
3287 11
4175 9
4172 9
284 11
1340 10
228 9
1531 7
2676 11
1469 10
4116 11
2570 11
1075 11
3788 10
3267 13
2003 10
1802 10
2486 9
4016 11
961 9
2716 10
1085 9
3318 10
4270 10
4596 10
3405 10
3581 10
2200 13
2089 8
3663 10
4159 11
1235 10
3864 10
2785 9
1760 10
3094 11
2719 10
1234 11
4226 10
4389 13
242 11
3834 11
1884 8
4372 10
1853 11
3970 8
4160 9
4865 8
4915 9
2939 10
578 10
4373 10
2418 9
2681 12
1758 12
4868 8
4101 10
3178 10
986 9
2465 11
1048 11
3458 9
339 9
2658 12
658 11
1008 11
424 7
4493 10
2437 9
2604 10
3218 9
1412 10
705 11
1101 12
2414 10
4762 11
758 12
4725 11
1117 11
1336 10
2225 9
1866 11
4120 9
1727 11
2872 11
4758 8
1594 9
4558 10
723 10
4213 11
4626 10
1270 10
58 10
115 13
548 8
3967 10
175 11
3043 12
857 10
3542 10
2593 10
4273 11
3409 8
2205 11
2192 10
1932 10
53 6
1391 10
4950 11
4864 12
2796 10
1630 11
1555 11
2054 11
3389 11
4147 12
4814 10
4145 11
1880 11
2546 9
3538 10
1290 10
1397 15
2503 12
1052 12
3120 10
544 10
3850 8
252 11
992 8
124 9
2930 10
436 12
4183 7
514 11
2675 10
2995 12
3664 11
4606 9
3109 10
4076 10
3285 10
968 9
3585 10
3183 11
3914 10
1607 11
1837 12
1767 10
2241 11
1692 11
958 11
4827 10
173 11
4048 12
4356 10
1923 10
4567 10
2197 9
3868 10
747 12
1620 9
4301 12
3841 10
4999 13
1167 9
4244 10
2392 9
225 10
498 9
3161 11
3209 8
1432 10
3528 9
1459 11
785 10
3642 8
3073 11
3122 9
492 12
2459 10
2575 10
1855 11
3059 12
313 9
2108 10
1248 10
2586 11
3565 9
357 10
3753 10
3257 11
1984 11
2362 12
2636 8
2553 10
1393 11
4440 11
2023 11
1409 11
2479 12
2631 10
3558 9
804 10
3419 13
344 9
1468 10
2608 11
3930 10
2075 9
190 9
1541 12
4539 11
2538 11
4719 12
4855 9
1673 11
1871 10
2706 13
1444 10
4533 12
3711 10
261 11
2428 8
2306 11
1946 11
3557 8
1833 11
2334 9
1121 12
2665 10
597 11
501 11
2298 10
1367 10
3793 12
3147 10
3416 9
4811 11
3728 10
4461 10
240 12
133 10
1847 12
4991 10
2091 12
3973 9
1413 12
4819 10
2747 11
3949 12
4546 10
3361 10
814 9
845 9
3997 11
2798 9
3968 10
899 10
3384 9
3295 11
2533 10
4439 11
643 12
2879 10
1377 11
4935 8
2071 12
4031 8
3211 12
4639 10
2737 11
4801 9
3444 11
4462 9
2840 11
1133 12
4350 11
3322 9
3011 10
2944 10
3736 10
1721 11
1772 12
2140 11
719 10
1105 9
2068 11
435 11
964 11
2707 11
4064 10
4924 10
4555 11
4849 8
3839 9
376 10
4983 11
4208 12
1651 9
1906 10
3611 11
3254 12
1910 11
334 12
2264 11
4962 10
2662 12
1078 10
2918 12
977 11
1526 12
4190 10
1119 12
4672 10
1326 10
1019 10
951 8
3568 11
3312 8
3616 11
655 10
3162 12
3225 9
991 12
348 11
2011 10
3865 9
2789 11
558 9
496 12
1173 9
1805 12
1256 9
1442 10
2452 13
4959 10
3482 12
651 9
2348 9
1795 12
1401 9
3348 9
4232 10
4063 10
229 8
4281 10
1764 11
683 10
3270 11
2097 9
324 10
4477 11
3639 12
948 10
2898 10
3888 10
583 12
2346 12
3167 9
825 9
755 8
4862 12
3356 9
1236 8
4060 9
3339 9
916 10
2700 11
1725 9
4937 12
4423 10
3621 11
4399 12
2057 10
179 11
1379 12
3268 9
4148 9
1465 11
31 10
2520 11
3637 10
2320 10
3883 12
3669 11
2774 11
3603 11
2164 11
3484 11
4958 11
3303 8
3236 13
1715 8
1638 11
3915 10
1859 12
1591 12
2801 11
565 10
882 10
4562 13
265 9
3340 12
2138 9
4973 12
202 8
3598 11
4839 10
56 9
3750 9
3917 10
3157 9
1857 11
512 12
2421 11
582 11
4686 12
1318 11
1099 12
1297 9
1546 11
3946 11
2834 12
1381 11
4967 10
1573 10
2523 11
418 9
3601 11
674 9
3696 10
2866 9
1918 10
1615 9
2316 10
3529 10
1220 9
4859 13
2356 9
4249 12
230 10
632 10
2371 12
3329 9
1936 11
596 9
4598 12
4191 10
2712 12
1919 11
1403 11
4736 9
1529 11
1491 10
475 12
2857 9
2243 10
2152 9
1735 11
3692 10
647 12
4091 10
4241 11
1108 9
2738 11
1732 10
2714 11
3746 11
3055 10
4104 11
2824 8
2137 10
865 8
960 12
731 8
4236 12
4589 11
4379 11
205 9
3991 10
4099 9
1623 13
1422 11
415 10
1698 9
1752 10
4987 10
4502 9
3667 13
2085 12
2028 12
2791 11
797 9
3171 9
3199 10
2558 11
1375 9
832 13
4537 10
3871 12
4971 11
4335 9
954 12
1682 10
715 12
872 13
2671 11
2297 7
3549 12
511 10
1079 10
1452 11
2561 11
932 12
3812 9
2037 11
1969 10
2564 11
3645 11
2846 9
2462 10
4464 11
129 12
4620 10
3784 8
4678 11
3075 10
2579 12
4853 9
4121 10
2557 8
4473 11
1170 11
729 9
3382 13
2920 9
3790 12
4393 13
663 10
2276 9
3756 11
1684 10
906 11
1796 8
3487 10
2202 12
319 10
4759 9
112 9
4514 11
799 9
1187 11
3614 10
1771 11
4123 11
426 10
61 11
2267 11
3126 9
835 9
2905 10
40 12
1581 10
2543 11
1596 9
2391 13
49 9
3580 9
4773 9
3239 11
2585 9
3168 10
91 11
2881 10
121 9
3449 12
3034 10
2019 9
1324 10
2913 10
4409 12
1184 13
457 12
3525 8
2937 10
1577 9
2855 9
591 9
3548 10
742 8
84 9
934 11
677 11
3201 12
2908 12
4495 10
883 11
2275 11
4251 11
3060 11
4807 11
2042 9
4836 10
20 10
1449 11
2576 10
1588 10
4583 10
1628 11
4220 7
1319 8
1446 12
3152 9
94 12
4422 10
204 12
2542 8
4092 8
748 10
2487 9
4450 10
3269 10
1830 10
3911 9
3005 12
2987 12
572 9
1564 11
3197 12
1330 9
1518 11
461 11
4398 11
3584 9
2472 11
224 9
2207 10
922 8
448 11
1874 11
4426 10
3349 10
315 11
2687 11
1148 12
710 8
604 12
3160 11
1125 11
2396 12
4047 9
3068 11
3783 11
250 10
1334 11
4817 12
2807 10
1674 12
4154 9
3213 11
3415 9
4997 12
1653 11
2498 11
2833 9
1040 11
3344 12
2121 11
4965 12
1713 9
1074 10
1230 9
1726 14
2357 11
3198 9
4177 9
1450 10
4298 12
2128 9
1983 13
90 10
634 11
2940 11
1128 13
4476 10
1784 8
3220 9
1300 10
2036 11
4912 11
4621 12
2227 12
3492 10
4618 10
2592 10
234 12
3082 11
599 11
521 9
752 8
1787 9
4061 11
2772 13
881 10
3829 9
3399 10
2157 11
1676 10
1914 10
2160 12
139 12
1569 9
3626 12
1740 9
4963 8
3347 10
221 10
3571 12
4790 10
3927 11
3889 9
3814 11
1748 9
610 10
3335 12
3297 10
3412 11
2084 11
1287 11
1836 9
2982 10
1934 11
2174 11
3461 11
347 11
4734 9
1260 10
1103 11
3414 9
152 11
3182 11
2720 10
1886 11
1535 10
4263 11
1411 12
617 9
3304 10
3345 12
1807 10
975 9
452 11
1149 10
3048 11
1311 10
4088 12
3959 11
1398 9
1374 8
2630 10
178 9
3282 10
1945 9
4202 11
4394 8
547 9
649 9
2943 9
1904 9
4054 11
707 9
1341 8
1551 7
1960 12
2438 11
2837 10
1272 10
4435 11
4421 10
1757 10
593 9
2280 10
4804 12
1852 13
612 10
3622 9
1285 14
2342 10
4613 11
2942 12
2589 11
2221 10
1530 10
3477 11
1063 8
2606 10
4548 9
3845 10
4883 11
1711 10
21 11
1433 10
2874 10
194 10
460 9
1631 8
4830 8
3722 11
4479 9
3643 11
3462 8
989 13
3767 9
3743 10
3640 11
4286 9
2956 9
399 12
1089 9
2112 11
361 10
2726 9
1982 11
1987 9
4216 10
2683 11
4614 10
3874 9
1891 9
519 8
1637 10
3751 9
1457 8
4515 12
1913 10
1970 9
3045 11
3975 10
2960 9
1265 11
2043 11
3744 13
439 9
1058 8
4667 11
2732 9
4938 11
724 11
2007 12
411 9
4753 10
721 11
1534 10
820 12
3569 12
3733 10
4798 9
2416 11
1443 8
1520 11
2394 10
303 11
4433 10
1625 11
4028 9
3331 13
4581 8
3084 11
3676 12
4129 12
1159 6
1612 14
515 11
751 10
1406 9
4975 8
446 11
1911 10
2979 11
2505 11
2980 9
869 12
3641 11
1708 11
2299 10
3909 10
1935 11
2285 10
630 12
708 9
2215 11
1763 8
1818 10
1046 11
3021 11
3363 9
2248 10
4186 12
2016 10
3526 10
2679 8
2354 9
3943 10
990 8
4217 13
2317 11
445 10
4754 12
1261 11
622 9
4770 8
2642 9
734 10
12 13
2234 9
3249 10
4431 11
2643 10
2510 10
3228 11
580 10
2347 10
2 9
41 11
1357 9
2065 9
1766 10
3102 8
2143 8
2842 9
2805 8
3388 11
2231 9
3202 10
2383 10
1606 12
608 12
2945 12
546 9
2624 12
1439 11
1659 10
469 12
2692 8
3470 9
3163 12
3025 12
4044 8
3408 11
2456 10
1849 9
3210 12
1595 9
1657 13
3791 11
1643 11
4742 11
3682 10
3920 10
812 9
2118 10
4125 10
3591 11
1514 13
4932 12
34 8
2748 13
2159 12
4891 11
3278 13
155 12
3396 12
413 11
3650 10
4928 8
1508 13
3306 11
3906 8
395 10
3272 8
2422 12
2181 9
3685 10
447 10
77 9
4731 12
2022 10
4492 9
4542 11
4795 9
3822 11
2282 11
4004 11
3301 9
1192 12
3945 9
3623 9
672 10
2274 10
3476 11
1228 10
4485 9
3937 10
4612 11
2257 13
3527 12
2359 13
122 10
3925 12
902 10
207 11
1925 8
3379 10
939 9
3360 10
1206 9
3370 11
2902 12
154 10
3935 9
223 11
2912 12
2628 11
1368 13
4566 11
1162 7
247 11
866 9
274 11
466 10
4696 9
1903 9
1080 12
4838 7
1646 7
1332 11
1132 11
3531 11
2098 11
4161 11
1475 9
4998 11
36 10
4015 9
856 11
456 11
1872 9
3900 10
4775 13
3397 10
4925 10
4436 10
2612 9
1696 10
1817 12
3426 8
3741 10
3789 8
1417 10
4739 11
4029 14
2162 10
737 10
4385 10
2924 9
4205 11
3014 10
3279 11
3747 11
4003 11
338 11
1114 11
4103 13
2660 10
4057 10
4547 9
3818 12
3071 9
246 10
1226 9
3310 12
4395 8
1542 13
404 10
698 12
75 10
4102 11
4218 9
4334 13
552 12
808 11
3404 11
2500 11
1680 10
1223 10
2482 13
3315 10
1306 13
3140 10
2860 8
4024 12
4052 10
745 12
3826 10
1701 11
2477 10
4238 13
4603 10
421 11
3024 10
1600 9
4288 10
3775 9
801 9
538 10
2536 10
2978 9
1939 9
1800 9
4337 13
1944 11
1538 12
3589 9
2131 12
1316 12
3336 9
4576 11
4002 10
2363 10
4717 10
3443 11
158 9
3902 12
2899 10
1876 12
1492 9
3499 11
3300 10
502 10
4544 13
140 9
4746 11
732 10
1702 7
2083 11
4898 9
198 12
4713 12
784 11
805 12
1281 9
4365 10
1481 11
1851 10
4112 12
3365 9
4489 13
1985 9
3990 11
2981 13
3941 9
476 11
2053 8
1346 10
4098 11
4491 8
603 11
1161 10
3246 12
3428 11
1496 12
1352 8
867 12
1212 9
2423 11
45 11
3425 11
4096 9
1536 9
897 10
85 14
697 12
4140 10
4040 10
2070 12
4117 8
2545 10
2307 11
4176 9
3966 9
4069 11
2265 8
3077 9
1188 1
3376 1
3712 12
3033 11
310 11
3866 9
1962 9
2566 13
2999 11
3978 13
709 12
618 9
2611 10
325 10
877 8
3357 12
116 11
4587 8
4875 12
2722 11
1280 11
2928 11
1205 10
4377 9
1250 10
2812 12
3142 12
2051 11
2471 11
1016 11
1570 11
1267 9
1909 8
3007 11
875 9
3636 9
4685 11
653 10
1668 11
2559 11
4266 11
1310 11
4315 9
4188 11
791 12
762 12
2242 9
393 8
134 11
1527 10
1624 9
4704 12
4388 9
358 9
2230 10
2324 11
926 11
3151 12
878 11
2993 10
1199 10
4257 10
3252 12
2268 11
206 12
2133 11
108 9
2985 12
1069 8
3483 10
106 10
2384 9
1482 12
3763 12
1145 13
809 10
1152 7
4090 8
4207 8
4287 9
3247 10
3114 9
4676 11
2448 11
1430 9
320 10
3288 9
3912 9
1210 9
4382 12
3670 12
738 10
2078 11
1309 10
4728 12
568 9
743 12
4671 10
458 10
38 11
3678 11
1896 11
1865 10
3298 11
1839 10
3204 10
4330 13
1362 11
4793 9
1194 7
3203 10
417 9
109 10
4556 12
2077 9
2432 10
504 9
4214 8
2906 9
4247 11
3176 9
4073 9
3890 8
4916 13
4233 9
3448 12
2454 9
4167 10
2259 13
3688 9
297 12
889 12
4075 9
2411 10
2045 8
1841 10
4638 10
2890 8
2496 12
3132 10
3512 11
1278 12
2954 10
1421 9
148 9
1791 12
226 10
945 9
3982 12
1742 10
976 12
87 11
2522 11
295 10
3940 11
4381 13
2397 11
3630 10
3709 10
4093 10
1355 10
4146 10
3390 11
3441 12
4936 12
929 13
4782 8
369 11
2723 11
1868 9
1997 9
1862 13
2526 8
2873 9
2934 11
477 11
4788 9
2488 11
4914 10
606 10
2830 12
3803 8
2189 10
1307 12
1790 12
2701 11
2148 11
769 10
798 12
2351 9
93 10
105 11
933 9
3100 12
2021 9
2134 11
1915 10
2441 8
2492 10
2463 11
2609 12
1371 11
1768 9
1974 10
141 12
2419 11
1083 11
2271 13
1245 10
3332 12
282 10
3053 11
4841 11
1200 10
3383 9
4283 11
4822 11
931 8
1216 9
1030 12
3144 9
4021 10
2766 12
4256 13
138 9
4947 12
4810 12
2901 12
4934 10
895 9
3506 11
1927 13
2122 11
1092 12
1626 11
203 10
2424 11
1829 9
828 9
2393 11
2763 11
2082 10
1559 12
2358 11
258 11
1598 10
4034 6
3707 11
2250 10
851 11
4324 10
4225 8
2327 10
4059 8
2864 9
1353 9
4355 10
1655 11
1801 11
1434 10
398 10
1407 9
4332 9
3023 11
584 9
2527 12
1611 12
1804 11
4996 11
1505 11
2038 11
605 9
3478 10
4252 11
382 10
24 10
2667 11
813 10
695 8
145 10
4105 10
3537 10
2806 11
2389 12
4478 9
1898 12
1050 9
3495 11
2408 12
4494 10
1033 10
345 11
2461 9
1024 9
539 11
4528 10
4114 11
3504 8
3481 10
2977 11
3785 13
711 11
3381 9
125 8
341 9
1749 10
3700 12
1958 11
4119 11
4310 11
2010 10
846 12
4314 10
4027 11
1026 11
123 10
2540 8
3835 10
4628 12
4058 11
2617 10
2705 11
1933 10
2551 11
4745 8
1065 10
1053 8
2027 9
1737 12
1517 8
4212 12
1036 11
3146 8
2831 12
2305 11
718 10
2708 9
118 12
4532 11
793 9
2329 11
4517 11
4818 10
1644 11
3189 10
3420 12
4353 7
3231 13
2314 10
3139 12
767 8
211 9
2935 8
2983 10
4189 9
330 13
2786 14
3881 9
3065 12
4430 11
4340 10
1722 11
1414 9
3130 12
3652 7
83 13
4572 11
575 11
4472 9
72 10
3264 12
4010 10
488 8
3174 11
459 10
4303 10
1959 10
1009 10
890 12
936 9
4694 11
3105 12
4602 8
4291 11
3657 11
4363 11
2178 11
144 12
273 10
833 12
1548 9
2695 10
3438 12
4403 10
994 10
4979 10
2765 10
1383 9
3377 13
3170 11
4984 10
4329 7
4050 12
1164 11
2161 9
1086 10
1266 13
4030 8
2474 11
4449 11
2177 9
4695 10
2440 11
2402 10
1808 11
3058 11
3323 11
3555 8
4071 10
2809 11
3501 10
1039 8
57 11
2328 10
2647 10
1883 9
1213 10
4982 12
920 8
4582 9
3514 10
2044 11
4857 10
329 13
3929 11
4578 10
598 11
3088 10
76 11
535 11
4815 11
840 9
290 9
2151 11
1700 9
3844 11
712 9
147 11
3768 12
3453 11
4749 13
2270 10
3846 11
1683 11
2204 11
1137 8
100 10
180 10
1154 12
1828 10
1924 12
633 10
500 12
1522 11
2635 10
4326 10
1003 10
2343 12
4272 11
4545 9
2254 10
4209 8
3847 13
4504 10
4882 9
15 8
2851 13
1879 11
1153 10
3596 10
2293 11
2659 9
589 11
2194 12
3903 9
3030 10
3175 9
277 12
257 10
3660 13
2277 12
2466 12
4187 10
3969 12
3851 9
1572 11
3551 7
2907 9
479 11
848 9
367 11
541 9
2998 11
4699 10
3710 11
2625 11
1761 11
3096 11
278 10
4550 12
3773 11
4560 11
182 9
350 10
2013 10
440 0
887 8
232 8
1957 11
1076 10
113 9
613 9
2598 9
2803 13
3578 7
678 11
4525 13
4917 11
17 9
1315 10
4549 10
3079 12
795 7
665 11
3916 7
3816 10
943 10
1996 11
645 10
3563 9
4085 8
661 10
4597 13
3341 10
3613 11
3500 12
3713 12
3017 11
2967 10
2490 11
4221 10
2262 11
3226 11
2185 9
3666 12
1797 10
29 10
3307 9
970 8
940 10
0 9
2401 11
870 10
3086 11
2808 10
2843 12
1 12
3853 12
3150 12
3 11
3579 12
4861 12
2366 12
4 9
3224 11
1881 10
3427 10
2020 11
5 10
6 11
51 11
7 11
3561 10
4234 13
4467 12
1814 11
9 11
2852 12
13 10
1302 11
14 12
1560 13
165 13
151 13
3560 9
1388 10
1599 11
16 12
3954 13
1679 10
375 11
18 11
1785 12
2919 9
19 12
1838 12
1029 14
3631 12
2838 10
3995 12
2172 14
22 12
23 0
4432 11
4368 12
627 13
2190 12
25 10
3314 14
4813 11
2614 12
26 10
3392 11
1239 12
1252 10
27 11
309 12
28 12
1466 13
30 11
3980 12
4825 13
4897 11
2103 11
2932 11
3364 11
32 0
1928 11
3777 13
2300 11
2253 9
33 0
4448 12
550 10
4993 11
3031 12
1753 10
1358 9
35 10
3665 11
771 11
4267 11
2017 11
1507 11
2571 10
304 13
412 12
37 13
1976 13
39 9
3296 12
355 10
3110 10
4496 10
2485 11
702 10
42 10
1593 11
4679 11
43 1
3825 2
2690 11
44 10
1875 12
4571 12
1151 14
47 12
50 0
4136 11
97 12
2650 11
4869 11
1782 10
1010 13
1691 13
333 12
2584 10
1755 11
573 7
3423 10
54 8
3192 11
3450 11
4295 9
55 0
3001 10
4243 10
3862 1
3200 11
3813 11
716 13
533 11
2398 10
59 0
4880 10
1545 11
4586 12
3644 12
62 10
592 12
64 0
65 10
66 10
2501 12
67 0
1032 12
3437 10
213 11
68 0
3992 10
1888 12
3395 9
2150 11
982 12
69 10
1328 13
70 11
1634 14
71 10
898 12
3723 9
2024 10
3586 12
73 10
4945 11
74 12
2256 13
682 13
1550 11
2129 12
4049 11
4570 10
4130 11
4302 12
78 11
3387 12
102 12
2757 9
3950 11
2072 9
829 10
80 8
806 9
3398 9
685 10
82 8
624 9
3770 13
92 12
607 12
513 9
3223 11
4863 12
86 10
11 12
2331 11
4661 12
474 12
88 1
1968 13
4043 12
2742 9
89 9
1864 10
318 13
1993 10
111 11
1096 12
4471 12
3671 13
95 1
96 1
3057 11
164 9
98 10
4026 14
99 10
3127 11
4760 11
4415 11
101 10
1233 12
3759 12
103 9
4465 10
1172 10
2269 11
1071 10
104 10
3333 13
553 11
107 13
1632 10
3041 11
588 10
110 12
1308 12
1090 12
1027 12
4171 10
4844 10
1231 10
3907 10
4253 10
114 0
1521 10
4165 14
4005 12
2997 11
117 1
1251 11
4198 13
3698 11
1938 12
3259 2
119 12
2330 13
120 11
4933 8
679 11
363 11
1776 10
662 11
2933 11
1952 9
4709 11
2382 11
1854 11
126 7
3717 12
371 8
3190 10
505 10
127 11
1537 12
3515 10
1453 12
903 12
128 11
3649 11
4338 12
131 11
4561 12
132 11
3000 12
930 12
1900 12
433 12
135 11
3380 12
4095 12
136 11
4512 10
2081 10
4197 11
1479 11
4949 10
2655 10
4480 12
4755 10
142 8
704 10
962 9
143 9
1627 13
3574 11
3293 14
3659 12
146 12
2749 10
4206 12
4313 13
4942 11
149 11
4520 12
885 12
150 11
4656 11
157 13
332 14
2909 10
159 10
4659 13
503 11
160 11
3141 13
1543 12
161 11
162 10
528 9
803 10
601 13
3050 11
166 10
1034 10
167 0
2369 11
2869 11
168 10
4906 10
2795 13
340 12
169 10
668 13
4988 11
170 0
836 13
291 9
171 10
4442 10
1739 11
2117 10
2126 11
174 12
4931 10
176 9
843 12
1509 12
181 0
1111 11
2321 11
1399 11
444 1
183 8
3898 13
1387 12
3124 10
1781 11
184 11
2717 12
185 11
4617 12
186 11
2337 12
187 9
4585 12
2778 12
834 13
1921 10
188 10
3091 10
4434 11
189 12
684 13
2627 10
2058 10
3821 14
2034 12
2323 10
3262 11
191 11
4133 12
3143 12
195 11
3983 12
196 10
3989 11
197 12
652 11
200 11
495 12
201 10
1956 10
3880 13
4752 9
4305 9
306 12
4083 11
1524 9
2529 11
2415 11
1134 10
4219 12
1461 10
4966 10
2066 14
208 8
4552 12
3833 10
949 12
209 10
210 12
156 13
2656 10
2657 10
2338 11
1350 13
4970 11
730 10
1118 9
212 9
4871 11
4441 10
1497 11
4321 13
214 10
1602 10
2281 12
1195 13
337 11
215 10
217 10
219 9
3765 12
891 10
2601 11
429 9
1950 11
222 0
2258 11
4563 10
1685 11
1470 10
4674 10
271 11
432 10
4444 10
1744 11
227 0
1563 1
236 10
3604 13
1088 10
1709 10
4080 9
660 8
2158 11
308 13
235 11
3281 11
3469 11
237 10
239 12
2927 13
4786 12
2567 11
243 10
3863 12
244 11
581 13
245 11
3742 13
248 9
52 12
63 11
249 10
1390 12
3185 11
3418 11
1084 11
1728 11
388 11
620 12
3824 11
2929 11
4180 11
251 0
2914 10
1963 11
4872 12
253 12
4858 13
254 12
255 10
1528 12
260 11
256 11
1978 12
2048 10
1400 13
2303 11
1225 12
262 0
263 11
3385 12
967 12
264 11
508 12
3602 10
266 10
394 11
4447 11
267 10
609 13
268 12
269 8
270 10
571 12
272 0
4203 10
454 10
387 11
2697 11
490 10
3634 11
275 9
938 11
3505 10
1940 11
4660 10
276 10
2544 12
2958 13
283 10
279 10
3154 11
280 10
1609 11
706 11
2876 11
281 11
1681 12
1321 11
1826 11
285 12
286 12
287 11
1608 14
3541 12
289 9
796 10
2116 12
681 12
4708 10
2368 11
783 10
292 8
714 12
3544 11
2963 12
4184 12
293 10
4097 12
1093 11
2817 11
294 0
2104 10
4181 12
1097 11
314 13
972 11
296 0
3870 10
299 0
3459 9
3590 10
301 9
4543 12
2245 10
4622 12
302 0
2853 12
2409 11
4425 11
305 11
2361 12
307 11
1218 11
311 10
1741 11
312 10
2470 11
3362 13
3369 11
4684 10
753 9
317 10
2255 11
4722 11
2725 13
2310 12
430 11
2105 10
2974 11
321 13
3266 14
322 12
4466 13
3687 10
326 9
163 14
3624 11
327 11
328 0
4640 11
1733 11
336 11
1473 12
2868 12
4070 10
3207 9
2313 11
2904 10
673 10
342 8
3009 11
2060 12
3609 10
343 12
3629 13
3690 9
971 11
545 12
3877 14
346 10
4132 12
489 10
2634 11
4565 12
2689 12
349 9
351 11
353 11
2239 12
354 0
2144 9
585 11
2410 12
1061 10
1202 11
1031 12
356 0
2849 12
4107 12
3439 10
2626 14
750 11
359 11
1203 13
360 0
1549 12
1930 11
1286 12
362 12
4463 13
1021 11
365 10
1283 11
366 11
2578 12
368 10
594 12
370 8
3745 10
4418 9
2375 11
2193 9
2867 12
3473 10
1464 11
670 11
3294 9
372 9
4840 11
2973 10
1654 10
373 11
3884 13
374 0
2605 1
2922 12
1890 11
692 11
2102 9
383 12
377 10
1112 11
381 11
378 11
1364 13
4413 12
451 11
379 10
1547 12
380 0
4128 11
1743 9
4274 10
4498 12
4860 12
2581 12
4168 11
177 12
384 10
385 11
4774 12
386 1
1658 13
3324 11
2962 10
2587 12
3776 12
389 0
4577 9
3996 10
3734 11
391 11
392 0
2426 11
3893 1
1208 9
3577 10
2349 9
1000 11
2861 11
2325 10
2582 11
4345 11
396 10
397 10
1899 11
402 12
1460 11
2685 10
1695 8
400 11
1889 12
401 11
2753 11
3837 11
893 13
403 0
779 10
2741 1
987 12
4829 11
4767 11
626 11
405 9
1719 11
406 0
407 11
408 10
1427 11
3958 12
409 0
2770 11
3346 10
410 9
4629 10
675 10
2404 10
414 9
3658 10
1298 10
3861 12
543 11
4557 11
416 9
2018 10
1819 12
3468 11
3173 11
2141 10
1666 10
2247 10
2252 11
3820 10
4414 10
4178 10
419 1
2751 2
420 10
480 10
4919 11
1219 11
4235 11
3255 11
614 12
1100 12
530 13
2095 11
423 11
1467 11
1229 8
2519 8
425 11
2569 10
4803 10
427 1
3701 2
3080 10
428 0
2450 12
1042 12
2301 12
431 9
1669 10
2175 11
437 10
3251 11
438 10
700 9
2923 10
4141 9
4366 12
4680 1
442 11
443 10
4376 12
1136 11
3474 11
4357 12
1227 2
849 11
1902 10
3951 11
1456 11
449 0
2495 8
450 0
4595 11
2613 12
453 9
701 12
4670 11
455 10
2511 10
3138 11
4845 11
2322 11
2127 12
2149 10
687 10
2237 11
462 9
2015 10
703 11
463 10
2436 13
465 10
3691 10
467 0
3668 11
3606 11
468 10
1493 11
2478 12
470 2
3436 10
894 11
471 10
522 11
3933 12
472 10
473 0
464 13
3290 10
3245 13
2289 12
478 0
1789 11
4304 9
2947 11
481 9
2284 10
482 10
4848 13
1073 13
2370 10
483 0
1426 12
484 10
485 10
1441 11
3463 11
486 0
1639 10
2405 11
487 11
1109 14
2550 12
602 11
4927 11
2516 11
2616 10
1561 12
3411 12
491 11
1396 12
3029 12
493 12
352 13
497 12
722 10
499 12
507 11
4045 13
1597 12
810 11
4210 11
3567 12
1044 10
3518 11
1059 12
3961 12
506 11
4152 12
509 11
510 10
3823 12
4662 12
3559 11
3607 9
4851 11
1337 13
1506 13
1770 11
4609 10
3261 11
516 10
1126 11
2607 11
2652 11
517 11
2768 12
518 11
2217 12
1436 12
2577 10
218 12
520 11
1037 12
2678 11
523 11
1020 12
524 0
1589 12
2783 10
2055 10
525 8
842 12
1402 9
526 10
696 11
2744 11
4223 11
527 9
1454 11
2111 10
901 10
4968 12
1810 13
3135 10
531 10
532 0
3394 12
534 1
2156 11
536 11
537 11
193 12
4879 13
3181 10
690 11
1333 11
4823 10
542 11
3062 12
4404 12
4881 13
1580 9
1122 10
4763 12
955 9
4887 9
4155 9
1437 9
549 8
950 9
551 10
3938 11
3939 11
554 1
555 10
1244 13
556 10
4011 12
557 0
2326 11
2591 12
3740 7
4535 11
559 0
900 11
560 11
216 12
1824 12
4944 13
562 9
563 0
4568 9
3809 9
1070 1
564 1
884 10
579 10
3572 12
566 9
625 10
2453 10
567 9
2388 11
2797 12
3533 11
2959 10
2386 12
570 11
46 12
4833 11
3497 9
2226 11
2761 10
688 8
1146 9
2491 11
3036 8
671 11
574 10
4261 12
4384 12
4115 12
576 9
3447 12
3108 10
4703 10
577 10
1258 11
4179 9
2971 11
3546 10
1583 11
2684 12
2548 10
4344 10
3133 10
586 0
908 9
3782 12
590 0
4930 10
1579 10
1292 10
1967 1
1365 12
4992 11
1477 9
650 9
4224 9
1123 12
4065 11
4780 11
3673 10
3957 10
2938 12
3897 13
3593 12
1937 11
786 12
3726 10
1585 10
959 11
1127 8
4194 11
4396 11
3985 11
3895 9
3037 11
611 11
2332 12
1663 11
854 10
10 12
4738 10
4918 10
615 9
4122 10
616 12
4322 11
1672 12
4150 10
4701 11
621 0
3564 13
1882 10
2387 8
2633 11
3936 10
3309 12
2480 12
3026 12
4438 11
921 12
861 8
623 12
2061 12
4805 11
2952 12
628 11
629 11
1540 12
2030 12
2534 11
631 13
1704 9
1325 11
2799 12
2637 13
636 1
637 10
2610 12
639 11
640 10
4707 11
917 11
641 0
364 13
2878 12
646 10
2224 12
648 0
1416 10
981 10
3547 9
3830 10
4649 9
2957 8
4856 10
3705 11
656 11
657 1
4246 15
2464 11
3857 12
3442 12
4733 10
659 10
1347 11
3757 11
4735 10
1552 9
915 9
3153 11
4182 13
664 10
666 10
3994 12
1382 11
667 12
669 11
3552 13
3661 11
1494 11
4022 10
3046 11
2407 12
2794 10
1369 11
676 13
2182 13
3206 12
680 11
957 10
686 0
4573 12
4215 11
2318 10
1303 11
2823 12
2965 10
1124 9
689 10
2494 12
691 10
4653 10
693 0
2009 10
4675 11
1977 10
694 10
3615 11
1376 11
966 13
3240 9
1860 13
3393 12
4948 12
699 0
1730 10
4873 11
4339 13
1429 10
1241 11
3594 11
1662 11
4300 11
1384 12
1566 11
2528 10
1533 12
800 9
3632 10
4702 12
713 0
4584 11
3699 10
1754 10
717 10
720 9
4358 12
1291 11
1961 9
2509 13
725 0
726 10
1066 11
4169 12
727 10
4748 11
3932 11
728 0
3774 11
3779 11
2530 7
1015 9
3343 9
259 11
1067 9
733 0
1394 12
2187 12
735 10
736 9
2756 11
3856 10
1525 13
4488 11
4688 11
1094 9
2819 11
1731 10
2862 9
739 1
740 0
4173 11
741 13
2984 9
821 9
4317 9
4359 9
744 11
3457 13
746 11
3553 11
4677 12
3498 8
1458 9
1045 11
984 11
749 0
4328 11
3517 11
4390 12
4139 10
754 8
1104 9
4163 10
3319 12
756 1
3720 12
2296 12
192 13
772 11
759 9
4729 12
760 11
4785 12
761 12
137 13
763 0
764 11
3489 12
765 10
766 10
4486 11
2246 12
2483 12
4724 11
4787 9
4428 9
768 0
3905 11
4797 11
770 10
4106 12
3238 11
1905 12
773 1
4510 12
781 11
774 0
2135 2
4351 11
775 0
2379 1
776 0
4362 10
1499 1
778 10
1712 11
1765 13
782 10
3704 11
3452 13
1214 11
4534 12
4506 11
787 9
3117 13
788 8
1622 9
789 10
3924 11
790 11
2292 13
794 9
2460 13
4507 8
4956 11
4306 8
1981 10
1182 10
1254 10
2431 9
4691 11
802 7
1051 11
2031 11
2214 11
1255 13
3187 11
993 10
2955 10
3243 9
390 12
3919 11
811 0
2434 13
3986 13
815 10
3896 11
4196 11
816 11
2336 12
818 11
819 11
2711 12
822 9
3618 10
823 10
4327 12
824 10
3808 14
4323 10
826 10
4347 12
1317 11
827 9
3155 10
4896 11
2644 13
830 0
3965 11
831 8
4579 14
441 14
3521 12
965 11
837 9
3684 12
2481 10
839 12
4751 10
841 11
907 13
844 10
3562 11
3934 10
1055 10
3456 11
4429 11
4850 10
850 10
4144 13
852 10
4387 11
853 9
4923 10
2236 10
855 10
323 12
4682 12
3313 10
858 9
859 11
1279 13
860 0
2951 11
3543 9
862 0
2615 1
863 0
1587 13
3617 12
2639 9
298 12
2767 12
1553 11
4789 11
868 0
4846 1
871 10
2155 12
2764 12
1191 12
4361 11
1115 11
874 10
1953 12
3928 10
876 10
3111 11
1178 9
3488 12
4484 13
2056 10
1994 12
847 12
4531 12
879 9
3892 11
4645 10
880 0
2780 10
3806 11
3099 10
888 1
3232 11
896 11
2304 15
3466 11
2115 10
3974 14
4575 13
904 10
2818 12
905 9
2645 12
3016 11
2063 10
1498 11
909 0
3778 1
2815 11
910 11
1584 11
3810 11
1567 12
911 0
912 12
913 11
914 1
3769 10
2468 11
3764 11
3674 12
918 10
919 8
4806 9
2856 10
1476 9
3229 9
2278 11
923 11
2475 12
924 12
925 0
1856 1
928 10
2976 11
3725 12
2897 11
983 10
3979 9
4454 14
3848 11
4732 10
2430 12
1062 12
3106 9
1823 9
937 10
3894 11
941 0
4259 1
3828 1
2087 9
942 11
4976 12
864 13
1907 11
944 9
2249 10
2090 12
529 12
946 9
3194 10
1510 11
947 9
4001 12
2622 11
2092 11
4625 11
3794 12
1780 11
3960 10
3235 9
3274 11
2704 8
2099 12
952 0
4501 13
953 12
3550 11
1472 10
4100 10
963 10
4392 13
1821 12
2025 13
969 1
3368 9
2790 9
4866 11
973 12
1049 13
974 10
4588 11
1724 9
978 0
1240 12
2594 10
4131 12
3815 10
979 12
2473 12
980 11
2936 12
3838 12
3693 11
4779 10
985 0
4013 10
4229 10
3308 12
1687 10
988 11
3275 9
4591 11
3486 9
4158 12
1471 13
2759 11
2442 9
3013 12
995 9
996 0
997 1
3875 2
3047 2
998 0
4352 1
999 9
1635 10
4757 14
1001 10
1002 9
4901 12
3502 11
2554 10
3556 10
1004 10
1438 11
1005 0
1006 9
1007 9
1892 11
4540 10
4802 11
2755 12
3718 11
2762 11
1011 0
4137 14
4590 10
1012 10
1013 9
3955 13
1014 11
4452 12
2210 10
4951 11
2736 12
2199 12
1017 10
1018 10
1022 0
3760 1
1098 12
4816 11
1023 11
1041 11
3354 11
2457 10
1025 11
2994 12
2915 9
2574 13
1028 2
2062 10
4348 12
4651 12
3342 12
1035 10
2074 13
4837 12
1038 0
2040 9
3434 9
3731 12
1869 12
1043 0
4820 10
3534 8
1047 0
2891 10
3221 10
2195 9
4237 9
4946 8
1054 1
4032 10
1056 11
2816 11
1057 10
2251 9
3019 10
3372 10
1557 9
4475 8
4764 11
1060 0
1832 9
4262 12
1064 1
3575 9
4969 9
4889 10
3867 10
1072 9
2069 12
1077 10
4867 11
4487 11
1081 0
2502 11
1082 0
1193 10
3355 10
3761 10
2286 11
1087 9
1827 10
2746 10
1091 11
3510 10
1095 10
4086 13
1102 0
3852 11
2800 1
1130 11
4230 10
1107 11
1988 10
1462 10
1110 0
1480 13
1113 10
2035 12
1116 9
2961 11
2222 8
4006 12
3620 10
2668 10
1120 10
2847 13
4033 11
1294 12
3727 9
3250 9
3539 10
1519 12
1129 11
3406 12
3321 12
3455 12
1131 10
3703 12
300 11
1135 10
2663 11
4778 10
1820 9
1138 10
3273 12
4380 11
1139 11
3511 12
1140 9
1141 11
1142 10
1284 10
1143 1
1169 2
4902 12
1147 0
3910 11
4619 10
3981 1
4113 8
2810 11
1150 12
2451 13
3125 9
1155 10
1156 8
1157 11
1158 1
1686 10
2507 9
1356 7
4018 11
1160 0
3330 10
3445 1
3205 8
2583 12
2836 8
1163 11
1165 0
1166 0
2403 1
4284 9
4834 10
1809 12
1619 10
1590 10
3196 9
1168 9
4809 11
3424 12
1171 12
1861 13
2535 10
2504 10
3694 11
3407 8
1296 12
1565 13
1174 0
2673 9
1175 10
1176 0
3944 9
1942 1
1177 12
4481 10
4407 10
1179 1
1180 10
1181 0
2895 10
1751 1
3430 9
1183 8
1995 9
1185 1
3134 9
1186 12
4922 2
1189 7
1106 11
1190 0
2822 11
1575 1
1361 13
3214 9
4500 8
4149 8
3771 10
1196 9
1197 11
1198 12
4910 13
3635 11
1201 0
1344 12
3600 8
1515 8
1207 10
1943 11
1209 0
2777 1
4905 10
1211 11
2147 10
1867 11
3097 12
1215 11
3035 12
4370 10
1217 9
3128 10
3149 11
3271 9
3926 10
1405 10
1221 10
2870 11
1222 0
4624 12
4342 13
4164 10
2620 11
1224 11
3115 11
494 12
199 11
2969 13
3118 11
1232 3
2365 12
3158 11
1237 9
3976 11
1238 0
2153 1
3327 11
1242 0
1243 0
3758 11
2814 11
1246 0
3177 11
1247 0
2698 1
2308 12
3625 11
1249 12
1786 13
4410 11
4711 11
1710 12
1253 0
2880 10
2787 10
4783 12
1257 10
1998 11
4079 11
1259 11
4647 12
4877 11
1262 9
2489 10
1263 12
48 13
1264 0
1922 9
2212 11
3078 8
1268 10
4111 12
1269 0
4574 10
2654 11
1846 10
1273 1
1274 9
1275 0
2046 1
1277 9
4522 12
1282 12
4211 13
780 14
3780 11
238 13
1288 0
807 12
1759 1
1293 10
1295 0
3735 1
4777 10
1777 12
1299 0
3305 1
1338 10
1301 11
1304 0
1305 9
3873 10
886 12
2848 12
4008 9
3098 11
1313 11
1314 10
4276 9
2877 13
3286 11
220 12
1320 0
4427 10
3093 1
3018 12
1323 10
1664 12
2449 12
1327 1
2793 10
4895 2
1329 0
3217 11
1848 9
4082 10
1613 10
1331 1
1335 10
1339 9
1729 10
3465 14
4037 9
2782 9
3576 10
1342 0
3460 10
1345 11
4012 10
1348 0
1349 11
1351 11
1582 9
3087 9
3766 10
1354 10
153 12
1694 11
3647 11
4417 9
4644 9
2854 8
1144 11
1947 10
3373 11
1359 10
3695 11
1360 9
3566 10
1363 11
1366 10
2531 11
4903 11
4689 10
2931 8
1370 0
3241 12
1372 9
1373 12
2447 13
2266 9
3359 9
2946 9
792 12
3638 12
1378 0
2467 10
1385 0
2439 10
2911 11
1386 0
4195 1
1389 11
1392 11
4068 9
2903 7
600 12
1395 10
4087 10
3480 11
4794 10
3446 12
1404 0
2476 11
3508 9
2107 11
4245 10
1408 10
3070 10
1410 0
1990 10
2283 11
4336 2
3633 12
1502 13
4964 9
1415 9
4497 10
3165 9
4254 10
1592 13
1418 0
3431 12
1419 0
2041 12
2206 12
1423 0
2884 1
1424 9
4118 12
1425 12
1926 13
3433 12
1428 0
1431 8
4518 9
1845 10
1435 1
2400 10
4023 10
1440 0
1445 0
1951 11
1447 11
2169 12
1894 12
1448 8
1312 11
2508 9
1788 11
2718 10
1451 12
3056 13
4062 12
1455 9
4824 12
2640 12
4961 12
2646 10
1954 11
1463 0
3222 10
4623 11
4036 10
2788 11
1478 0
1887 8
1762 12
1483 10
2693 11
1484 1
1485 0
1486 8
1893 9
1487 8
4391 11
1488 9
3188 10
1490 9
4346 11
1495 9
1500 9
1501 9
4521 14
1503 1
4231 12
1504 10
3901 11
4723 13
2549 11
1511 0
2433 11
1738 11
2455 1
1512 9
1513 8
1516 10
2445 11
3987 11
3781 12
4538 11
1523 0
3491 1
3796 1
2312 14
4943 10
4835 8
2743 8
1532 11
1539 11
2136 11
1544 10
4710 13
1656 10
3403 12
4721 11
2364 11
1554 7
1750 12
1556 9
1640 11
3999 10
1558 0
1562 1
1571 12
4134 11
4530 11
1568 0
3610 11
3573 11
4899 11
4269 11
1574 10
4909 2
1576 10
2073 11
3519 13
2555 10
1578 9
2352 10
4174 11
2882 11
1586 11
2154 13
1901 10
1717 11
2079 10
1601 0
3328 10
2355 12
3169 10
1603 0
4741 11
1831 11
2203 10
1604 12
1605 0
1610 12
1614 9
1621 9
3367 11
4712 9
4974 10
1885 10
4308 10
2008 10
3523 11
4726 10
4842 12
3842 11
1629 0
3530 9
1964 11
3166 11
1633 0
3748 9
4776 10
3675 11
1636 0
335 12
4375 12
1641 0
2201 10
1322 12
1642 12
1645 0
2291 1
3227 9
3679 8
1647 0
3651 12
2142 1
1648 9
1649 0
3507 11
2900 10
1652 10
2953 9
1661 0
1971 10
1665 1
2988 10
2052 12
1670 0
1671 0
3081 1
1675 10
1677 10
1678 10
2619 8
3879 10
2916 11
1716 9
2664 12
2287 12
644 14
1688 12
1689 12
892 13
1690 0
2163 11
4499 10
1693 10
3831 12
1812 9
4469 9
4986 9
3253 11
1697 2
3964 11
1792 13
1699 10
4354 11
3588 10
2702 10
3121 12
4260 10
1703 9
2863 11
1705 0
1706 0
3503 12
4509 11
1794 8
1714 10
1948 9
2733 11
4668 9
3787 10
1720 1
3090 9
1723 1
2506 10
172 12
2067 12
2295 9
2968 11
3049 12
3882 9
1734 0
4457 11
3004 1
1736 10
1756 10
3386 13
2547 12
4843 11
3280 11
4664 10
1745 10
1746 0
1747 11
1834 12
3795 10
3136 11
3216 10
3948 10
2948 11
4791 11
2648 9
2360 11
2556 11
3191 13
817 13
3116 10
1769 0
4264 11
1773 11
1774 0
3648 11
1775 0
1806 11
2781 11
1778 0
2562 11
1779 10
1489 11
1783 10
2350 9
2686 8
2739 12
3878 13
1793 8
1949 9
2710 9
4593 9
4420 9
2232 9
3003 12
3371 11
1798 11
2680 14
1799 0
3817 11
1803 0
956 11
1811 12
1813 0
4124 13
1815 1
4633 10
2014 9
1816 1
4239 11
3592 9
1822 11
1825 0
4025 12
4600 9
2100 13
1835 11
1842 9
1843 10
1844 10
4193 13
4772 10
4847 11
1858 0
1863 0
2752 9
1870 10
4995 11
1873 9
1895 12
642 13
1877 10
1878 0
4911 10
2244 10
2340 9
1975 9
4569 12
4316 10
3885 11
1897 9
2240 10
3681 11
3869 11
4761 8
4341 10
2109 10
3859 9
3429 11
1912 0
4878 11
4038 11
1916 0
1917 0
4505 10
3052 12
2167 9
1920 10
2758 11
2821 10
1929 10
1931 11
3010 13
4631 12
4894 9
1941 0
2892 10
4331 12
3708 12
3467 11
635 10
1955 10
4017 10
8 11
4892 10
2183 11
1965 0
4371 9
1966 1
3074 10
1972 0
4900 10
1973 2
2727 12
4693 10
1979 11
1980 11
2425 12
4792 10
3039 10
1986 10
4319 11
3724 10
4400 10
1989 9
3101 10
4884 11
1991 8
2989 10
4084 10
3858 12
1999 12
2000 0
2086 1
2001 0
2885 10
2002 0
4424 9
2802 11
4657 11
2004 9
2005 0
2006 1
4307 11
2012 10
2552 11
4756 11
2026 0
2029 0
130 11
2032 8
3840 9
4081 9
2033 10
3956 12
2039 0
4222 10
4799 9
2047 12
2618 13
2049 10
4042 11
2651 10
2064 0
3145 11
4960 14
2076 0
4067 11
3472 13
2080 12
3545 9
4796 9
2088 0
2093 10
2385 11
2096 0
2804 1
2101 7
3092 10
2179 11
2106 10
2568 11
2110 10
2399 13
2113 0
4051 10
2120 1
2740 12
2123 11
2124 8
2845 9
2311 10
2130 11
2132 10
3721 12
4715 10
2532 10
4490 11
2139 0
3962 11
2273 11
2145 0
2146 0
2390 11
3432 10
2165 11
2166 8
4408 11
2168 11
2170 11
2171 8
4920 10
2173 9
2176 0
4929 11
2180 10
2184 9
3089 10
3131 10
2186 11
2188 11
2191 7
4078 8
3435 11
2196 10
2198 0
2828 11
2493 11
2208 0
4199 12
2209 0
3338 1
2211 10
4397 11
2213 10
3410 11
3350 11
2216 10
2218 0
2219 9
2220 0
2223 0
3819 9
3947 11
2228 8
4553 9
2229 11
4646 13
2894 10
3233 10
2233 0
2238 1
3464 10
1992 11
3729 10
3800 10
2260 9
2261 11
2263 1
2272 11
2694 9
2279 0
3689 11
3582 11
2288 12
2290 11
1718 11
241 12
4405 12
2294 10
3284 10
4412 8
2302 10
2629 9
654 13
2309 9
2315 10
2319 10
3054 12
2443 10
2333 0
2335 0
2339 0
2572 10
2341 12
2344 1
3984 11
3799 11
2353 8
4610 10
4876 11
2992 9
2367 11
2372 11
2373 11
2374 0
4941 13
2376 8
1474 11
2377 1
4014 12
2378 0
4293 10
2380 10
2381 10
4451 11
2887 9
4705 10
4642 11
4874 11
2395 0
3752 10
3022 12
4271 10
3931 11
2406 11
3276 9
2413 1
2513 10
2427 0
4605 13
4053 9
2429 9
4940 10
4551 10
2435 0
4456 9
2844 11
2677 10
2444 0
2446 0
2458 8
4641 11
4007 11
2469 10
3172 12
2125 14
2484 2
4000 11
4720 10
2497 9
2499 0
3513 9
4526 8
4367 8
2094 12
2512 11
4019 11
2514 0
2515 11
2517 0
4852 11
2518 0
3302 10
2521 11
2524 11
3002 12
2525 0
4248 11
2059 13
2597 8
3193 11
2539 10
3421 9
2541 10
4437 11
4402 12
2560 0
2563 0
2565 10
4110 12
3653 9
3067 8
4143 11
2588 0
2590 10
2595 0
2599 9
2600 0
2602 0
2603 1
3289 9
4604 11
4559 10
3998 10
4692 9
2621 0
2623 0
2632 0
3749 9
2926 9
2638 10
2641 10
2580 11
2649 10
3413 11
4508 12
3952 12
2653 0
3063 1
4446 12
2917 11
2661 0
288 12
2666 11
2669 1
2670 1
2672 0
3040 10
2674 0
4706 9
4913 12
2682 0
2688 1
2691 11
3891 9
2696 9
2699 9
2703 0
3353 9
3516 10
2709 0
3258 10
2713 11
2715 11
3072 12
2721 9
2724 0
2728 9
2729 1
4536 10
2730 13
2345 14
2731 0
2734 0
2784 10
4800 9
2745 1
2750 0
3509 10
2754 9
2235 12
2760 0
2769 0
2773 9
2775 1
2776 9
2889 10
2779 0
2792 0
4138 10
4009 2
2119 12
2811 9
3044 12
2813 8
4952 9
2820 0
569 9
2825 0
2826 10
2827 10
3872 12
2829 11
2832 10
3754 10
2835 11
2839 0
2841 0
619 13
4601 12
4690 10
2859 0
561 12
838 11
2871 0
3299 11
4893 11
2875 10
3988 12
2886 8
2888 8
3599 9
2893 11
2896 0
3064 1
2910 0
3520 10
2921 0
4611 10
2925 9
4718 10
2941 11
3536 11
3032 9
3260 11
2949 11
2950 9
2964 0
2966 0
2970 10
2972 10
2975 9
2986 1
4828 11
2990 10
2991 0
3119 9
2996 10
4714 10
3677 9
3317 11
3008 0
3012 0
81 11
3020 9
1289 11
540 10
3027 0
3028 11
3038 0
3042 0
4769 11
3051 0
3061 0
4832 13
60 9
3066 0
3913 9
3069 0
3076 0
757 1
4289 11
3083 9
3085 1
3715 10
3532 11
3095 0
3103 0
3104 0
3378 1
3107 0
3112 0
4470 11
3113 9
3843 11
4727 10
3123 9
3129 10
4311 11
3137 0
434 10
3942 8
3148 0
3156 0
3159 0
3164 0
3554 10
3179 1
3180 0
3184 0
3186 0
4821 9
3195 10
3208 0
4697 8
3212 0
3215 10
3219 9
3908 10
4364 10
3230 0
3234 0
3237 11
3242 10
3244 9
4460 13
3248 0
3256 9
3263 0
3265 0
3706 10
3277 8
3283 11
3291 0
4523 10
3292 0
3762 11
2050 12
3311 0
3628 9
3320 0
3325 10
3326 0
4529 1
3334 0
3351 10
4142 9
3374 0
3375 10
3972 10
3391 9
3454 11
3400 0
3401 10
4994 11
4926 11
4453 9
4227 9
3417 0
3422 0
4258 11
3440 11
4299 2
3451 0
4978 10
3471 0
3475 2
4192 9
3479 0
3485 1
3971 2
3490 0
3493 0
3494 9
3496 0
4127 11
1380 10
3522 0
3524 0
3535 10
3540 0
4297 10
316 11
4615 10
3570 0
3583 0
3587 0
4921 10
3595 0
3855 1
3597 0
3605 9
3608 0
3337 9
3612 0
4831 8
3619 0
4126 1
3627 0
4616 10
4737 9
3646 10
3654 0
3655 0
3656 10
3662 5
3672 0
4055 8
3680 9
3683 0
3686 10
4784 11
3697 0
3702 10
4077 10
4185 10
4580 8
3714 0
3716 0
3719 0
873 1
3730 0
3732 0
3737 0
3738 0
3739 9
638 11
3755 8
4419 11
3772 0
3786 0
4445 1
4743 9
3792 9
3798 0
3801 0
3802 0
3804 0
3805 0
3807 0
4166 1
3811 0
3827 0
3832 0
4768 1
3836 0
587 9
3854 0
3860 10
1850 11
4056 9
3876 0
3886 0
3887 0
4369 10
3899 0
4089 8
4812 9
3918 1
3922 0
3923 0
4888 12
3953 0
4282 3
3993 0
4020 9
4771 11
4035 0
4041 0
4066 10
4885 10
4343 10
4072 0
4280 9
4074 10
4658 9
4503 9
4411 9
4094 0
4108 0
4277 1
4109 0
4296 1
2537 11
4135 0
4275 10
4285 10
4151 0
4153 0
4156 0
4157 8
4765 9
4162 0
4201 1
4170 0
1204 13
4200 0
4204 9
2850 9
4228 0
4242 0
4250 0
4957 12
4255 1
4265 0
4268 0
4278 0
4279 0
4972 8
4634 4
4290 0
4292 0
4294 0
4309 0
4312 0
4599 10
4318 0
4320 1
4325 0
4349 0
1617 10
4360 0
4808 10
4383 0
4401 1
4406 10
4416 0
4904 1
4443 0
4455 0
4458 0
4459 0
4468 0
4474 0
4482 0
4483 0
4636 9
4511 0
4513 0
4524 9
4527 0
4541 0
4564 0
4592 0
4594 0
4607 0
4608 0
4627 0
4630 0
4632 9
4635 0
4637 0
4386 12
4643 0
4648 0
4650 0
4654 0
4655 0
927 1
4663 0
4665 0
4669 0
4673 0
4681 0
3358 11
4683 0
4687 0
4698 0
4700 0
4716 0
4730 0
4740 0
4744 0
4747 0
4750 0
1420 11
4826 0
4854 0
4870 0
4886 0
4890 0
4907 0
4908 0
4939 0
4953 0
4954 0
4955 0
4977 0
4980 0
4981 0
4985 0
4989 0
4990 0
