4477 7
2417 6
4719 8
3245 7
2806 7
1622 6
2440 8
3382 6
1303 8
3677 6
4703 7
1373 7
3882 8
248 7
1940 8
934 7
3253 8
2433 7
317 6
4 7
1912 7
1696 7
2874 8
3541 6
3784 7
3568 6
4411 8
2164 7
3188 6
4189 6
1455 9
307 9
1465 7
4482 8
2595 7
843 7
4983 6
3118 7
1636 6
1278 8
3524 6
4624 8
1639 6
3567 9
4251 7
49 8
704 5
414 5
2722 6
3187 5
4004 5
4483 9
3163 7
1132 8
4850 6
4876 9
1759 7
43 8
2900 5
3697 8
1273 7
1933 8
275 6
1775 8
1198 7
4517 8
3138 6
707 7
2885 6
2246 8
2724 6
2689 8
2552 6
13 9
607 7
1991 7
4367 6
4410 9
4224 7
483 9
1685 6
1876 8
4157 7
1519 8
1554 7
3913 5
4320 6
682 5
1154 9
2256 6
2756 9
4131 6
763 8
2062 7
10 8
3626 6
3601 7
1053 7
2312 7
2379 6
3181 7
625 5
3762 5
4601 8
4495 5
4761 8
994 6
3935 8
3971 7
3537 6
319 7
4001 8
1054 7
4220 8
3635 6
3736 8
914 6
1777 8
906 7
993 7
4272 7
3106 9
4862 5
542 6
1242 8
2748 5
458 8
1817 6
2634 8
3100 5
2009 8
3290 7
2179 6
1746 6
3725 8
2258 7
3479 8
889 9
533 7
635 9
1033 6
3216 6
4813 6
3759 8
1135 5
2614 7
2627 7
240 6
2199 7
3911 8
809 7
918 7
205 8
4229 8
4806 7
4285 8
3487 6
3242 5
3468 6
3244 8
895 5
4381 8
2050 5
4547 7
944 6
3552 7
4414 6
509 6
3247 7
1505 8
3102 6
182 6
4901 7
3619 6
1430 7
1548 6
3520 8
2003 6
2526 7
2152 7
3527 8
1701 5
2264 8
1151 6
4061 8
2904 6
4049 5
4109 7
2569 6
1214 8
466 8
3575 7
3442 6
1185 7
4274 8
1325 7
3739 8
2758 6
2360 8
4871 7
2298 6
1014 5
2403 8
3528 6
1268 6
310 6
53 8
222 6
450 8
2431 7
2872 7
4749 6
1429 7
2923 5
2253 7
3721 5
1122 8
4667 6
4502 7
849 6
221 6
2432 8
1057 6
1368 8
2590 6
1801 8
526 6
4566 6
638 8
4937 6
1004 8
4396 6
4948 7
3454 6
3522 8
1903 6
73 8
2374 6
3428 7
2846 6
1090 8
2161 6
1617 7
2839 5
1627 9
3868 6
1808 8
2924 8
19 8
4296 6
1593 6
3906 8
587 6
4733 8
1283 6
252 7
2460 6
532 8
224 7
3345 8
2307 6
168 9
658 6
2459 9
37 6
669 9
89 8
4155 8
3932 6
3668 8
782 7
4869 6
579 7
2279 9
4772 6
3425 7
4119 5
4124 7
3965 7
622 7
4985 6
1654 8
2597 7
4362 7
4498 6
1233 7
2419 5
4476 8
1508 6
1707 8
801 6
1048 8
237 5
1711 9
1394 5
570 8
1450 6
1553 8
1723 6
1266 8
3013 7
1295 8
4533 7
61 8
4829 6
966 8
573 5
2028 6
2591 9
876 6
983 8
2510 6
913 5
336 8
2925 6
4553 8
4249 5
4480 7
4759 6
137 6
3659 6
3617 7
4342 5
3113 8
1007 7
111 8
60 6
2895 9
2109 7
4781 8
2378 6
706 6
753 6
1201 8
2129 10
2321 6
4540 6
3613 7
4958 6
1204 7
898 6
4922 8
22 7
869 8
1221 9
4826 5
1271 9
226 6
1795 8
2496 6
701 7
4518 6
4974 9
2332 7
2776 7
2556 6
4190 8
871 7
459 8
723 9
155 6
2856 7
3071 6
1227 8
2845 6
3356 8
1587 6
1820 7
2250 7
4802 8
1061 7
2834 8
4350 6
766 8
3749 8
3885 5
2111 8
886 5
604 8
2912 5
3629 8
329 6
656 9
1581 6
3519 8
863 6
170 7
3337 7
3088 8
4321 8
2757 8
1956 7
3197 5
1103 9
4468 6
1744 9
1276 6
3602 7
1488 7
2474 8
558 5
854 8
4231 5
1565 7
3373 7
1123 8
3440 5
3173 8
1208 7
3754 6
2154 9
2274 7
2486 7
739 6
4392 7
1102 7
1774 7
4511 7
4197 8
1797 7
1423 9
4185 5
4387 8
596 6
2047 7
1978 5
2305 7
2346 7
1179 8
3401 6
1693 8
3642 5
4697 8
3553 8
3267 5
234 7
4464 8
3741 5
1765 8
919 8
855 5
400 7
2871 5
2156 8
1009 6
2835 7
3737 8
3284 7
3950 7
3074 6
3424 7
3388 7
1756 5
1870 9
2553 5
254 7
2876 8
1666 6
3678 9
1521 6
468 7
2546 8
747 6
2550 9
1037 6
794 8
1914 6
1536 8
761 6
2375 9
3250 6
4758 8
3443 6
4064 8
3622 6
770 8
2575 6
4196 7
3010 6
3053 8
4416 8
4279 7
4725 8
3507 5
1502 7
2053 8
1739 6
4701 8
448 8
346 8
3394 8
4822 6
811 8
4315 6
1327 6
2327 8
4287 8
3103 5
2367 8
1761 6
4323 5
4170 8
350 7
4551 8
2234 6
486 7
660 5
3045 6
57 6
1509 8
2036 7
3145 7
331 5
3065 5
2148 6
1840 7
4050 8
1931 5
834 8
4154 6
4127 6
4800 8
4218 7
3405 8
1490 8
1730 7
2796 7
754 8
2162 7
2688 7
3346 6
2648 8
4356 7
2918 8
2580 7
4077 7
2428 6
3048 8
2498 6
860 8
4583 5
719 8
4433 7
3455 8
1311 8
693 6
866 8
3433 7
159 8
4987 6
4919 7
2455 7
4949 6
4408 8
2381 7
3769 9
2453 6
1108 7
945 6
2711 8
2919 6
3398 6
3170 7
1663 5
106 7
1364 6
2197 6
4786 8
4548 6
4094 5
2670 9
2183 6
3714 6
3047 8
2356 6
2964 7
4893 8
3227 6
1986 6
3799 6
3322 8
3987 7
4488 8
4613 6
3608 6
2896 7
1943 9
599 6
1369 9
3116 6
1793 6
1995 6
759 7
4266 8
1577 6
4794 7
3666 5
3658 9
2686 7
2576 7
4105 8
2658 7
4325 7
1362 6
4373 7
1241 9
3207 5
3992 9
4833 6
4435 8
3767 5
4834 9
773 6
3194 7
948 6
1088 8
4662 7
2978 7
2857 6
2823 7
1435 9
371 5
984 8
2318 6
4564 7
2620 7
480 7
2006 9
4459 6
131 8
4539 8
3549 6
2002 6
3336 7
1079 6
4361 8
4378 7
4187 8
2649 6
943 8
1816 6
4175 8
2652 5
3303 8
4444 6
1293 8
2762 7
4905 8
2873 6
4747 7
364 8
453 7
3701 7
4340 5
2938 7
3278 7
881 8
2537 7
1692 9
4043 7
3264 6
3536 8
3256 8
1397 7
4939 8
2469 8
1972 6
1082 8
3841 8
4997 6
1677 6
1881 8
1689 7
2784 8
3735 5
1743 7
4455 6
651 5
2384 6
4481 5
4277 8
3476 6
1514 9
3806 5
514 7
3905 7
3491 8
1096 5
4569 7
1261 7
3153 8
899 7
472 8
1776 7
3831 7
1467 8
517 6
2420 8
177 6
4895 8
2353 8
2893 9
3084 6
2929 6
3241 7
715 8
162 6
2369 8
1263 6
4954 7
1477 7
1660 8
3316 6
4585 9
3097 7
4358 8
2035 7
971 7
3503 8
2968 6
2700 9
1358 6
2841 7
4644 7
1426 8
2447 8
4463 8
3171 6
3630 7
594 6
3493 7
2285 6
3864 7
2511 7
502 9
4841 7
2828 8
86 7
4647 5
1783 7
2079 7
4803 6
909 8
32 6
2031 9
4354 6
2153 7
3435 6
476 9
1499 5
629 8
3633 6
3309 9
650 6
2388 7
4875 8
3186 7
2582 8
904 8
2443 6
937 9
4830 5
3651 7
730 5
3909 8
1431 7
4568 7
1710 8
4940 8
2107 5
1173 8
4146 8
2778 7
493 8
3420 9
4345 8
2238 8
1040 6
323 7
3815 7
2370 7
1637 7
381 6
597 6
3600 8
4673 8
268 6
3628 8
1958 6
1243 8
996 6
1346 8
2124 6
1871 8
699 8
4640 6
1643 8
2829 7
528 7
1083 8
4764 4
2654 7
4098 6
2586 10
4450 6
265 8
189 6
1473 8
3374 6
2325 7
114 6
4817 9
491 6
896 8
2933 4
2882 8
4649 6
3782 5
4239 9
4832 6
2792 9
3796 5
4565 8
1374 5
1130 7
1144 5
4073 7
4945 6
3324 8
3674 7
692 7
274 8
1868 7
695 6
107 8
3343 6
3217 6
4002 9
3159 6
1773 6
1385 8
897 5
3058 9
2094 6
2538 8
2937 6
4779 6
1853 6
4910 8
236 6
1657 8
3874 5
1112 9
374 5
409 6
1890 6
4118 6
1576 6
1434 7
4604 7
1029 8
2263 8
3765 6
3082 8
3168 5
4916 8
2868 7
1631 6
2228 7
241 9
4371 5
2754 7
4307 5
4484 8
4294 7
4240 6
2961 6
426 6
4730 8
2187 5
4984 8
267 5
489 9
2855 7
3956 6
391 6
4440 7
4762 7
81 6
4867 7
269 6
2957 8
1721 8
2818 7
2557 7
1896 8
1193 4
4137 6
2063 7
1005 6
910 8
4368 7
1624 6
4586 7
1917 7
3583 6
4824 7
488 5
4263 6
2095 8
318 6
2676 8
2539 6
2889 8
3415 6
824 6
560 8
2993 8
751 8
2071 5
4017 8
3076 8
1440 7
2248 7
3886 7
3344 9
4650 7
716 7
2042 6
1999 6
2717 9
3430 7
1408 8
4885 9
4306 7
4152 7
3535 4
3683 8
2212 8
3878 7
2837 8
3040 7
565 9
1239 6
2812 8
3625 6
2291 8
3489 5
3717 7
4595 5
3096 8
4543 9
3574 7
1786 8
494 7
3263 8
1210 9
2589 8
4245 6
3510 7
2117 6
683 8
2561 6
2135 8
4256 6
2662 7
151 8
1356 7
2697 7
2616 6
158 8
3462 7
4787 6
2130 6
1506 6
1899 8
4748 7
1393 8
4286 7
3353 8
2266 6
1649 6
4938 6
3177 8
2599 8
3660 6
2578 7
4101 8
2463 7
4489 8
4589 6
4159 8
3952 7
1861 7
3542 8
3248 6
3744 7
1212 9
2581 6
4732 7
4672 6
260 6
4472 8
1599 6
2467 7
4739 6
4530 8
2407 6
3649 8
3821 6
1202 6
591 8
4225 7
4168 6
4546 8
3766 6
225 8
1794 8
1976 6
2636 9
2232 7
2613 7
4134 8
3760 6
4854 7
4200 6
3564 6
3565 6
1526 7
2713 6
861 9
4587 6
4908 8
4775 7
670 8
1864 6
4727 7
4460 8
3972 6
2225 8
4086 7
688 7
1109 8
1280 9
404 7
1919 7
2898 7
4374 7
1460 7
548 7
387 7
397 7
393 6
1602 8
4579 8
933 8
1932 6
1205 6
512 8
857 6
2799 8
99 6
2085 6
464 7
4162 6
1378 7
2358 6
4797 7
2456 7
4656 9
1392 7
1655 8
3988 6
2666 8
2836 9
2380 9
3149 6
2690 8
2917 7
875 6
4317 6
3294 6
4115 7
2607 6
3226 6
709 7
351 8
4621 7
4297 9
678 8
1279 6
3577 7
4874 6
3663 8
3926 7
4710 8
327 5
2220 9
2350 7
282 7
4928 8
4952 7
2105 7
1584 8
4545 5
360 8
1297 6
1167 7
1866 8
2842 6
2323 7
938 7
2944 5
972 6
4825 9
1610 6
928 6
2295 6
4302 7
3620 9
4275 6
2418 9
4828 8
2678 6
2646 9
2629 5
4641 8
1821 7
1258 9
4060 7
1320 6
1568 8
1116 5
614 8
2771 5
995 8
2774 8
1623 7
3748 8
1747 6
1546 8
4967 8
3026 8
4453 6
23 7
4992 9
731 6
1476 6
1213 8
2328 6
3598 8
2132 6
3083 9
4978 8
54 6
1143 9
4920 6
321 7
865 6
4324 7
4230 6
2769 7
1850 9
1638 6
4426 7
2489 9
1124 6
3057 8
3836 8
4950 6
411 6
982 7
1170 6
2330 8
4375 7
2014 7
1291 6
51 6
1947 6
1911 9
4446 7
3409 8
1190 6
4430 7
286 6
3112 7
1579 5
2267 7
4666 7
3131 7
4087 6
760 7
605 6
3996 8
4062 6
2979 6
3531 8
942 7
1296 7
4199 8
3731 6
1604 8
3884 9
4516 7
1101 8
4861 5
1741 7
821 7
902 8
4270 7
439 9
3461 6
3466 6
1380 7
2446 5
349 7
1913 8
1569 6
2331 8
3544 8
214 6
2472 7
2203 5
4309 9
1255 4
1781 7
1137 6
3277 9
3095 6
3580 6
3051 5
4353 5
744 6
4622 8
506 7
3064 8
3445 7
4965 9
1735 6
1117 6
4835 7
557 7
3555 7
1 6
4259 7
4116 7
1174 9
3199 8
2426 6
1400 7
281 5
380 8
3758 7
1596 8
1926 7
2224 8
3377 7
3046 8
1960 5
3876 8
1448 6
4643 6
4114 7
4560 7
3804 5
2255 6
2216 8
936 7
4675 8
1068 7
4333 9
1557 6
1099 7
583 6
726 8
705 8
1769 8
1150 8
3436 6
4712 7
2475 8
1230 9
3032 8
4179 7
3817 8
4163 6
750 8
1338 7
3540 6
3012 7
3232 6
1543 9
1055 6
3357 8
2567 7
1772 8
3317 5
142 7
2133 6
3259 8
1806 8
2731 7
1196 7
3458 6
1021 6
929 8
4209 8
3584 6
3816 7
2625 7
4046 6
3019 6
297 7
3594 8
1608 6
2951 8
802 9
4946 6
94 8
3446 8
4122 6
417 5
725 6
1712 8
372 7
1257 7
684 9
3624 7
4600 5
4171 7
795 8
537 7
1686 8
1880 5
2340 6
1474 7
449 6
2294 6
1819 8
4744 9
284 6
4132 8
4863 6
916 8
2013 9
4443 6
2545 8
4902 5
1883 7
3332 5
249 7
2408 8
30 8
3963 7
2626 7
541 6
1432 8
129 6
1043 8
4048 8
258 7
1717 9
4918 8
2760 5
3798 9
4398 8
3566 7
1800 5
3588 7
4819 6
4578 7
3221 9
1470 7
3136 8
198 5
1823 7
3902 6
574 8
3282 6
3151 9
3513 8
2032 6
156 7
796 7
4012 7
2207 8
999 6
1987 9
4278 6
95 6
2572 8
4726 8
4153 6
14 7
3412 7
877 5
1017 5
659 8
1115 6
3764 8
263 6
806 6
432 9
4260 7
2457 7
1012 7
3958 4
3067 7
124 7
2364 8
905 6
2347 7
1961 6
148 7
3233 7
4961 5
4599 7
872 6
4469 5
2272 9
563 6
67 7
2623 8
435 8
2158 7
2326 8
1339 5
3706 7
3469 8
4852 5
4505 7
3915 7
691 9
1916 6
3160 6
4233 5
2184 8
4683 5
196 8
745 8
4379 6
306 7
2292 8
3014 6
3206 7
1878 8
1028 8
3559 7
47 5
462 8
498 6
2454 6
4653 8
1531 6
3825 9
1805 6
4936 5
382 6
668 7
539 7
1676 5
285 7
2315 6
2209 7
2098 8
4427 5
1010 9
1022 7
2083 6
1265 8
3786 7
2953 10
4040 7
4532 8
3921 5
145 7
1928 7
618 9
4695 7
1934 8
4570 8
4475 8
133 6
3463 8
4866 9
3366 6
800 8
4244 7
1968 8
3299 6
1946 8
3331 7
615 8
1625 6
1420 9
1317 7
1924 8
4962 8
389 8
657 7
631 8
4211 8
2289 7
4612 6
1575 7
4785 9
2363 8
3918 6
2651 8
2271 6
503 7
2020 8
1237 7
2178 7
1209 7
4996 7
4409 8
4261 7
154 7
762 7
4926 6
4014 9
544 8
4237 8
2056 7
3692 7
2027 6
4405 8
2104 7
1525 7
3890 8
4173 6
1884 6
2125 10
370 5
3472 9
4445 8
2482 8
2966 5
1298 5
2449 8
2659 7
2137 7
4067 8
1607 7
957 6
4557 6
2535 8
101 8
2790 6
78 7
473 8
2976 7
793 8
549 6
4607 8
1702 7
3511 7
4745 6
727 8
2354 6
2780 6
392 9
534 6
1105 9
1590 6
311 7
3585 7
1231 8
2180 7
1347 7
3679 6
3297 9
2622 6
1597 8
3879 7
1843 6
729 9
4181 7
3548 8
873 6
357 9
3492 6
1757 8
696 6
1737 6
3249 6
681 7
3365 6
2886 8
41 7
1882 7
848 7
4646 5
4847 5
2540 7
797 6
2990 5
623 7
4914 9
4424 5
203 8
295 4
4022 5
117 8
1039 6
1222 9
973 5
178 8
3989 8
2939 7
1110 8
2226 6
1287 7
2251 8
3631 7
2281 9
856 6
1357 8
2397 7
940 7
3359 8
3967 8
1838 6
1189 7
2160 9
2414 8
1836 7
4848 8
1176 6
2064 7
1097 7
3195 6
3166 5
2647 9
1822 7
2145 9
109 6
2675 7
3061 8
3165 7
438 8
2615 8
1495 7
4503 7
4097 6
3545 6
192 8
664 7
2617 6
3438 8
4301 6
1045 6
1424 8
1118 6
1480 8
477 6
3070 6
1527 7
4065 8
1301 6
3447 8
680 5
1555 9
1275 6
3457 8
3204 6
958 9
4979 6
4556 9
927 6
2838 8
4347 8
675 7
4957 5
2983 9
3670 7
1191 6
2913 7
1164 6
552 7
4031 6
2019 7
1498 8
1633 7
2488 5
2060 7
3484 8
4010 8
1157 7
4143 5
2645 7
3421 6
838 7
2949 8
4731 8
4907 7
1791 8
1620 5
4715 8
4219 6
1964 9
4466 8
4837 6
4964 8
1069 9
1937 5
3953 6
3268 7
3562 7
1687 6
3130 7
4929 6
3085 7
950 7
149 8
4681 6
1628 6
1252 8
3521 5
768 8
1921 7
291 4
1529 7
3640 7
4721 7
4288 6
1656 6
1901 8
3124 7
2048 7
1366 6
1601 8
2840 7
666 10
1147 7
1583 6
2795 7
2049 9
251 6
2086 8
2398 9
1457 6
4839 8
62 8
3201 8
4994 7
935 8
1060 5
1977 7
456 5
17 7
580 7
1451 8
4963 7
4103 5
3641 8
4956 5
839 6
2541 8
1171 7
3335 9
58 6
4935 6
830 6
416 8
1443 8
1768 8
4092 8
710 6
4898 8
2665 6
2067 8
4034 5
4664 7
4113 7
4780 5
3835 7
4227 8
3213 10
277 9
3897 8
4626 8
2415 7
3293 8
1223 5
4784 6
694 7
1254 6
2342 8
1126 10
1957 7
2373 9
1062 8
2 8
3235 7
3761 7
874 6
1949 5
3733 6
1570 7
2685 6
826 6
2536 8
4773 6
1342 6
767 8
3134 4
1990 8
2515 6
3930 5
2915 7
163 8
835 7
4657 7
3351 7
4724 7
3498 6
4052 6
2138 6
2980 9
4479 6
2185 9
1049 5
677 8
3334 5
4941 7
79 8
3234 6
2059 7
4222 6
1008 8
1955 5
4238 6
3747 9
4448 5
4973 7
1001 4
4395 8
2392 6
2549 9
4041 7
4611 7
355 7
341 7
120 6
1078 9
2351 7
1523 8
923 5
2981 6
4207 7
2081 8
1309 6
2809 5
4156 8
4208 5
210 7
1249 8
1788 7
3854 6
4418 8
1080 7
777 7
2299 7
947 8
4403 9
2503 7
708 7
3776 8
2639 5
2476 8
2508 6
755 9
4075 5
183 7
4100 6
4262 7
1437 6
1561 6
4814 9
2468 6
2300 7
3432 6
3993 9
161 5
2530 7
3079 6
2437 6
1070 8
746 5
752 8
955 6
632 8
3225 6
2743 7
2730 9
2750 6
4880 9
239 5
2644 7
3219 6
1973 5
4393 8
2618 8
882 6
2707 6
3107 6
2667 9
1471 7
1360 6
2577 7
217 6
1811 9
3475 7
2128 5
3490 9
3254 6
577 8
3925 8
2188 6
2114 8
3830 7
1315 6
3517 8
2481 8
3352 7
4343 6
405 7
1200 8
1445 6
4422 8
136 6
697 7
4385 7
2487 7
3700 7
1784 8
2494 6
961 6
3789 8
894 7
667 7
4989 6
3391 9
2601 7
3176 7
4843 5
141 6
572 8
4150 5
3034 6
1727 5
2076 7
2741 8
4682 6
2715 7
2770 8
2761 9
4959 6
3228 6
2355 8
1098 8
3632 7
3482 6
4588 8
2100 5
665 9
467 8
4478 8
46 8
324 8
687 9
3477 7
1728 7
3933 7
437 6
2182 7
3132 9
722 9
3193 7
4370 6
167 8
3041 6
4960 7
3783 6
2763 7
2429 7
2116 6
4018 8
4638 7
1134 6
52 8
2173 6
2243 8
272 5
3810 9
3478 8
2965 8
4147 6
3224 8
2082 9
1852 8
4117 6
2903 7
1877 8
166 6
1006 6
1831 7
2077 7
2897 8
1086 8
1813 7
4924 8
2768 8
4428 7
2930 8
525 8
21 8
997 7
690 8
1724 9
582 6
356 7
4631 8
4804 8
165 8
298 5
25 7
4032 9
3367 5
1073 9
2329 7
12 8
3603 9
40 7
2394 6
1725 7
2448 7
2861 7
2833 9
309 8
3728 7
2691 8
4706 8
441 8
521 7
3894 6
3711 8
3236 8
737 5
4884 6
4172 7
3081 5
4500 6
3819 8
3381 5
470 9
4668 6
3715 6
3027 8
3984 7
2633 9
3300 6
1524 7
308 8
2875 6
3499 9
2772 7
2008 7
3023 5
606 9
4081 5
2858 7
3481 7
758 5
271 5
3323 9
4305 8
3657 6
4865 8
1616 5
4567 6
1015 8
70 8
3606 7
641 6
1081 9
3009 5
1350 5
1272 5
1155 8
4126 8
1945 5
3502 6
598 8
2383 9
3898 7
2405 6
2288 6
3851 8
4462 6
3828 9
626 8
2214 6
1842 6
1700 8
1652 5
2940 5
4295 8
1217 6
4921 9
4141 6
396 6
1023 8
4687 9
2901 6
2881 6
1669 8
2850 7
3086 7
4038 8
4767 7
3427 7
227 8
379 7
3114 7
3208 8
3033 6
2502 7
4123 6
3347 7
1619 7
3779 8
4527 6
3662 8
2118 8
3413 9
3422 8
4133 9
3991 8
2273 8
1678 8
1642 6
4037 8
4145 6
3271 5
4602 7
1382 8
634 6
1121 5
3229 7
1981 8
1611 6
3623 5
1834 6
2781 8
1058 5
2193 6
2766 7
1436 7
2054 7
4178 7
859 6
1335 6
4243 7
1580 7
4714 6
4736 6
2499 9
4346 7
2819 9
4021 6
798 6
3823 8
3137 7
4351 8
4140 5
1760 5
1503 8
930 8
711 7
621 7
122 6
2444 8
38 6
3515 8
3937 6
912 8
118 6
3756 6
3842 7
3338 6
6 7
2824 7
7 6
1632 5
3196 6
2404 7
2941 6
4205 7
1520 8
443 7
3572 7
561 8
1767 6
4614 9
1578 8
3305 7
87 5
4942 7
340 6
3320 6
368 7
2936 8
3122 6
4091 7
4903 7
257 7
26 7
3143 8
3411 7
130 6
2934 9
1719 8
1475 6
2783 8
4467 6
1512 9
335 7
566 5
4648 7
1528 5
3020 7
4451 6
2126 7
3360 9
98 9
2907 6
1002 9
3757 5
3161 7
3781 10
851 6
3169 6
4384 8
4593 8
303 7
4458 9
2558 7
1497 5
496 6
3258 6
4582 8
1159 8
2593 7
1982 8
454 7
4563 7
4349 6
4386 6
3035 8
485 7
4003 6
4980 9
2655 6
1003 6
1704 7
3743 8
4627 8
2011 7
2058 6
2653 6
4128 7
1923 8
892 6
4526 6
3561 6
2973 9
792 6
1228 5
4167 6
3794 8
4872 7
1650 7
788 6
3283 9
4215 7
2863 7
3871 4
4528 8
2366 8
1020 8
1645 7
2920 6
1337 8
2723 6
2479 9
1245 7
4304 6
2206 4
2316 7
1178 7
1541 8
465 8
2221 5
2101 9
376 9
3291 6
1486 5
2222 7
1100 7
1197 7
1750 7
3406 6
2996 7
735 9
420 8
2244 5
1824 7
3829 7
287 6
1483 8
1000 8
1454 9
4575 6
4930 7
2335 7
4888 6
3621 6
3092 7
4007 6
4406 7
1365 8
2791 6
4677 8
3732 6
1329 9
3190 6
2851 7
220 8
1441 8
2034 8
3144 6
4756 6
2698 8
3929 8
2119 7
991 6
3321 8
1715 9
1751 7
1847 7
1229 4
3504 7
2813 6
595 6
2218 8
1635 8
3339 5
428 7
2435 8
3696 8
3203 8
1030 9
2270 8
3459 7
2121 6
2078 5
4597 7
82 7
1889 6
3941 7
175 8
3220 7
3686 8
3133 7
2103 8
2260 7
2362 7
1234 7
1952 7
4658 5
399 8
1848 5
3795 6
1464 8
1731 6
2853 7
1407 7
2072 7
3157 7
780 5
2368 8
3861 7
1879 7
4310 7
3121 8
1564 4
3174 5
171 7
1771 7
1251 5
4679 7
4095 6
1372 9
3746 7
1332 9
59 6
2679 8
1351 7
2462 7
1994 7
4269 9
3951 7
3049 8
3439 5
2798 9
3354 8
3230 8
2517 7
3451 8
384 9
2005 6
2092 9
2864 6
4202 8
2728 8
3450 7
276 7
2932 6
522 8
3379 9
3276 8
4326 9
4766 5
3960 6
2997 9
3977 6
4439 6
3558 8
1013 6
812 8
2602 7
2204 8
3843 9
1016 6
603 8
3395 8
2751 8
3069 8
2424 7
4524 9
2699 6
3582 7
1361 9
4494 9
4625 7
2399 7
1418 7
3707 6
975 8
3031 8
1904 7
91 7
3976 6
3900 6
4917 4
4360 7
3261 8
1856 6
3693 7
4840 6
3948 6
2737 6
1482 5
3814 8
1195 5
2039 6
4639 8
3734 7
77 9
4363 7
559 6
4420 5
4953 7
4125 5
138 8
201 7
791 6
880 8
1988 8
3694 7
2720 7
2400 8
4816 6
2343 7
1211 6
2229 7
3873 6
215 6
1763 6
3618 8
1833 7
3530 9
908 6
2001 6
75 7
4815 8
2261 5
2998 8
339 5
4071 6
2458 7
825 7
2565 7
3004 6
2022 8
1286 6
519 5
1046 8
3154 6
4308 7
1310 5
113 8
4184 6
2916 7
1844 9
4188 6
2548 6
1075 5
3924 5
1691 8
3091 7
654 7
24 7
2245 8
2301 9
3223 7
2786 7
1863 7
1758 3
1387 8
4632 7
1614 8
2412 7
4182 6
2016 9
4751 8
1807 6
4620 6
4925 7
209 6
2894 8
4454 6
2946 7
2434 5
3997 6
1312 9
2668 7
2430 7
423 6
648 6
1052 7
1449 8
4573 7
4029 5
1092 6
3713 6
3990 8
5 5
446 8
2573 6
4742 5
2948 8
4904 7
4909 7
516 9
2333 6
48 8
1084 5
3523 5
2742 8
1319 7
1939 7
3286 6
3955 7
633 7
4968 6
1038 7
139 6
2235 8
232 9
2233 6
1859 6
144 8
1026 7
815 8
998 6
1674 8
2030 7
1322 7
1072 7
4868 8
1504 7
2554 8
786 6
4853 7
3550 7
4449 6
301 7
616 7
233 8
4383 7
4452 7
3212 6
2293 8
2075 8
4663 5
645 8
2195 8
1294 9
2859 5
3870 7
1690 8
2588 5
637 9
1989 7
4591 8
2877 8
4372 8
2393 8
3410 6
2217 7
1827 8
4493 8
1419 8
1377 8
2725 7
2706 7
127 9
1530 7
4289 10
3104 7
1501 7
1352 6
1681 6
734 8
3289 7
3609 7
4577 7
2324 7
3423 8
2512 8
497 8
646 8
4887 6
243 6
173 6
8 5
4235 8
3654 7
785 8
4763 7
1018 8
946 6
3742 8
1354 8
2466 8
3591 6
2175 9
2127 8
2921 7
4722 7
93 6
3554 8
1802 6
3292 8
1305 8
2080 7
4693 8
1540 7
266 5
1438 5
299 7
2745 8
3262 7
4216 9
1971 7
2989 5
4160 7
2166 9
1738 6
187 6
1573 8
1180 7
663 7
952 7
244 5
2007 7
3372 5
4716 8
2189 7
3062 8
1974 9
3500 8
2914 7
3637 5
1336 8
1796 5
4035 8
1181 6
2069 6
479 9
3865 7
4536 7
949 5
3638 7
1963 7
2376 7
2396 8
2955 8
174 8
4334 7
3675 8
229 7
3274 7
2099 8
1983 6
185 6
1814 7
4809 7
3720 7
4412 9
774 7
2694 6
3327 6
3730 8
4652 8
3011 6
1697 7
3599 7
2389 6
4248 8
1556 9
2282 5
3808 6
2302 7
4947 8
191 10
689 7
2696 8
3043 7
987 6
3000 8
4268 6
3938 9
116 6
4729 9
3985 8
4054 7
4659 5
3142 6
3724 8
1626 6
4080 9
3485 7
2141 8
847 6
4088 7
2592 5
4805 7
3007 7
736 8
567 8
2584 6
1428 8
2735 8
2870 7
2692 5
4878 5
4534 7
375 8
4282 7
164 9
630 7
2442 6
69 6
394 6
1804 6
3858 8
3449 8
3147 7
576 7
538 7
1421 8
3494 6
2262 7
2969 8
3496 6
316 7
969 6
3944 9
2531 5
2149 5
431 7
4431 6
4558 6
482 8
3111 8
4070 7
2600 9
2608 6
4900 9
326 6
4376 8
4906 9
1511 8
1902 9
2055 8
1041 8
2249 7
1812 5
3669 9
3123 7
564 7
3240 9
2747 9
3822 6
1647 8
2703 7
3120 9
535 9
1699 7
903 6
3961 6
452 7
2908 6
2411 7
2018 5
500 9
2144 7
4699 7
3404 8
1922 5
674 7
578 8
1274 6
1027 8
732 7
4846 9
296 7
1131 8
1389 8
3838 6
2450 7
422 6
4694 6
771 8
4382 7
401 6
1993 9
4176 7
2445 6
3954 7
2956 6
3119 8
3148 7
33 8
2594 5
3508 6
3595 6
2303 9
100 7
4768 6
35 9
1789 7
4752 8
1456 6
2802 6
1951 6
4033 5
4711 8
72 8
1439 8
4027 6
3087 8
1410 8
4606 9
2142 9
2672 6
1829 6
4584 7
1790 8
3001 7
575 7
3589 5
4456 7
4201 6
2259 7
543 7
1809 6
820 6
345 7
2480 7
2843 6
1152 7
3371 5
2673 6
2163 6
624 8
2693 7
3708 7
3824 7
2967 4
1111 9
1446 7
3135 7
150 5
530 7
2716 6
3846 8
4023 7
3525 8
0 8
4515 7
2660 7
2826 7
3218 8
828 7
713 9
3 7
1688 8
1748 8
3860 8
4504 7
4633 8
2091 8
920 6
661 6
4671 8
1992 7
2860 7
4708 8
3029 6
3862 8
9 8
11 0
2147 8
3340 7
3314 8
4995 7
15 7
4252 8
463 8
16 7
1187 8
102 8
3178 7
3627 7
18 6
492 7
2200 7
20 7
1094 8
2252 8
3982 8
1673 7
4792 8
4186 7
1547 8
1458 8
3770 8
4471 7
27 7
2177 8
28 6
2514 7
3093 6
4318 8
757 7
29 8
3738 8
235 9
31 7
962 9
805 8
941 5
2963 7
3349 7
34 7
1828 8
4788 9
3573 10
36 7
2529 7
3330 8
2341 7
3073 8
2338 8
2237 8
2242 7
644 7
1235 7
520 7
2680 7
2427 6
2495 8
39 0
2024 6
2926 8
3158 8
888 6
2402 6
1011 8
42 8
44 7
1416 7
3281 10
1163 9
45 0
4680 7
527 7
2275 6
64 6
2571 8
50 7
1574 8
4290 7
3141 9
1935 7
813 7
4397 7
2040 8
255 7
4508 7
55 6
4877 7
4738 8
2309 8
4136 7
2352 6
2046 7
671 8
3408 7
3998 7
4402 9
2815 7
2560 8
3008 6
981 8
373 9
550 9
63 7
1588 8
1998 7
3414 7
2814 9
3125 7
65 7
66 6
3872 7
2461 8
501 9
68 7
3016 7
71 7
3973 9
74 7
1442 8
1517 6
4734 7
76 6
4437 8
4765 8
1314 6
80 6
377 7
4692 7
1675 7
3578 10
4053 6
4389 8
3529 6
4572 9
4541 9
83 7
270 8
84 8
2822 9
85 0
4388 8
3945 8
2097 7
3704 8
3682 8
1729 6
611 7
4169 8
917 6
504 7
2170 6
3162 5
88 0
3534 7
1142 8
1404 7
90 7
3464 8
4636 9
4365 7
1318 8
531 8
569 7
92 6
921 7
3308 7
1862 7
2278 6
3981 8
96 8
4280 9
97 7
2438 7
4951 7
1670 5
2664 7
3480 8
103 7
3785 8
343 7
1160 7
104 7
2950 8
121 8
108 6
2112 8
3975 7
1074 7
402 7
3833 7
478 7
421 7
3689 9
3538 8
110 7
3763 8
112 0
4300 7
3042 8
4366 6
115 8
1695 9
2167 9
2176 7
4519 6
3183 8
353 7
3021 7
119 7
1371 7
4442 9
1044 8
123 6
4074 6
3957 7
2524 7
1277 7
2643 7
125 6
3109 8
3497 9
1550 7
4820 7
4605 7
126 6
1316 8
3006 7
128 0
3306 7
2559 9
1925 8
1753 8
444 7
3809 9
1985 7
3115 7
2727 7
1192 7
2139 7
132 7
1496 9
4642 7
601 7
4859 5
135 0
778 8
2827 7
3215 7
1908 7
2677 8
1782 8
3285 7
4099 6
1479 8
4811 7
1997 6
4845 8
3569 7
3385 7
228 7
140 8
4322 6
1188 7
2830 8
1422 8
568 6
4292 7
1798 10
143 6
1344 7
2017 8
1313 7
841 7
4138 6
223 7
2709 7
1308 8
146 6
2788 7
3964 6
1194 7
147 7
4102 8
1162 10
2230 6
152 7
153 8
3369 10
3645 8
1284 8
2344 9
772 7
157 7
3152 8
160 7
3849 8
3139 8
390 7
3592 6
3917 8
4144 7
4281 8
4492 7
891 7
1417 7
4313 8
169 7
3505 8
884 8
3075 10
546 8
172 8
1225 9
4161 7
3910 7
1166 9
1787 7
176 7
3643 8
4755 8
403 9
179 6
3597 8
3222 9
2015 7
180 7
4592 8
181 9
2181 7
4337 7
1845 7
2708 7
3296 8
581 7
2045 7
818 7
3901 7
186 8
2088 6
4623 7
1299 9
3156 7
1718 7
4509 8
188 0
208 9
325 8
4298 7
852 8
3127 7
698 6
2764 7
4078 7
4911 7
4821 7
4886 8
190 8
193 7
195 7
1672 8
197 6
3745 7
3368 7
3820 8
2171 8
3072 7
4684 7
4849 6
4276 7
4093 6
3039 6
199 6
4542 7
200 7
3419 8
430 7
202 8
523 7
4870 9
204 7
1667 8
206 8
2280 10
3028 8
207 7
2387 7
4006 7
3437 7
3474 8
4891 6
1886 8
4934 8
211 7
212 8
213 7
3179 7
939 9
4857 7
2044 7
4709 9
4700 7
3818 7
460 7
216 7
1384 7
4121 7
1595 7
218 6
219 9
1324 7
2509 7
1107 7
2985 8
1114 9
2484 8
4042 7
2610 9
1355 8
4108 8
230 7
3869 8
231 4
1246 8
3551 6
2816 9
4795 8
1671 7
951 8
3108 8
743 8
457 7
238 7
779 8
3866 8
4574 9
1093 7
967 6
288 6
3363 8
2041 7
893 7
242 7
1459 8
787 7
4204 6
253 7
741 6
3287 8
2994 6
2319 8
979 6
1207 8
1950 8
245 8
2073 8
4339 9
246 7
3311 8
247 7
3850 8
4674 9
1345 7
3587 8
358 8
250 8
3054 7
1716 7
3920 8
2023 6
256 6
2726 8
652 8
4796 7
4283 8
1175 8
2821 8
740 8
3025 8
259 6
833 7
836 10
1510 8
1825 7
4474 7
4535 7
3673 7
3002 8
1533 7
261 7
3671 8
262 7
1810 8
4332 7
3908 6
3077 7
4174 7
879 7
2051 6
4702 7
2423 7
2682 8
4943 6
264 7
4436 6
487 6
2831 7
4089 7
2999 6
481 7
1996 7
1340 7
2878 7
395 7
3607 6
4669 8
970 7
3532 9
4549 6
273 8
3800 8
1927 9
3325 5
278 7
775 8
1128 7
592 7
279 8
280 6
4801 6
4735 6
3903 7
283 7
4838 7
2065 7
4753 8
2631 9
1799 6
1376 7
2172 6
3590 7
4823 7
1381 7
1025 8
412 7
3512 7
2681 8
3612 7
289 6
2241 7
2564 8
2632 7
4688 7
290 8
4104 5
1129 8
3949 5
2108 7
292 6
4554 7
4976 7
853 8
293 7
3022 8
294 0
3526 8
4457 8
3389 7
3939 6
3848 7
1133 8
3919 8
4336 8
1941 8
2852 7
1542 7
3687 6
3880 8
4271 9
790 9
407 9
1895 6
1035 7
4655 6
4401 7
2391 8
378 7
2971 8
4063 7
2113 8
620 7
418 8
1406 8
300 8
2663 7
302 7
2704 7
1722 7
2609 8
1733 8
304 7
2283 8
4338 8
305 7
1184 8
332 8
1954 9
3539 8
4670 7
3837 7
312 10
313 7
2277 9
314 7
1264 9
315 0
840 7
4447 1
2506 7
2705 9
1034 10
1535 6
320 5
1893 6
2605 7
4889 7
2194 9
4737 7
388 9
4998 7
529 8
328 7
1869 8
932 7
2470 7
1042 7
330 8
1489 9
1522 6
3775 8
4234 8
333 6
495 9
4531 8
3326 7
338 7
2478 8
1953 6
3205 8
2337 8
3209 6
3175 6
2714 6
2767 7
4191 8
2313 6
1965 7
3030 8
2975 8
342 7
1860 7
2927 8
4158 7
383 8
3787 8
344 6
3200 8
1837 7
1302 7
2491 8
2905 7
347 6
1087 7
348 7
490 8
3387 8
1300 7
1959 8
3777 8
2987 7
4142 8
1433 10
3802 6
3813 8
352 8
354 7
2311 6
4686 8
2004 7
789 7
3518 8
359 8
361 6
3840 8
804 7
4944 8
362 7
1603 7
2604 6
363 0
4076 8
3604 8
647 6
365 0
1684 7
366 7
2385 8
367 9
2377 8
369 7
1857 6
1762 7
4357 8
4912 8
1076 7
3877 6
1024 8
447 7
4011 7
2523 7
2382 5
2349 7
1653 6
4581 8
3110 8
4432 8
4129 8
4438 7
2619 7
3036 7
3358 7
2753 7
385 8
2191 8
386 8
784 7
3690 7
3676 8
1698 8
322 9
887 7
2942 7
2574 8
398 6
868 7
4417 7
2891 7
2977 7
4044 7
2492 9
989 8
406 9
408 9
1513 8
410 6
3634 7
3576 6
3251 7
4713 7
858 7
413 7
415 7
1139 7
2096 10
1980 8
571 9
3881 9
3399 8
419 7
4782 8
1516 8
1292 6
3126 6
3586 7
424 8
425 7
2789 8
545 8
3969 6
1606 7
1897 8
3441 6
3017 6
2544 9
2621 7
427 6
4831 8
429 7
3280 8
3931 9
433 7
434 5
4707 8
742 8
436 7
2862 7
3698 7
1220 8
3752 7
2287 6
2336 8
440 8
442 8
445 6
2695 8
3444 7
451 7
2425 7
455 7
1892 6
3050 7
4019 8
4609 8
679 7
3740 7
461 0
3516 7
4348 7
1835 9
4047 8
1391 9
469 0
2628 6
471 7
3827 8
1244 8
1803 9
474 7
475 7
1646 9
3066 7
2247 6
3275 6
2290 7
2390 7
883 8
4970 8
4789 8
617 8
844 7
842 7
2746 8
484 0
1285 8
1867 7
3056 7
1683 4
2775 8
4299 8
619 8
2551 7
2239 8
2637 6
4790 6
2587 7
2102 8
3265 7
1065 7
3979 7
814 8
2986 8
2532 7
3270 7
2157 7
499 7
505 8
2805 9
4364 8
1203 7
3891 9
507 6
4039 7
4045 7
2159 7
4473 7
1755 7
508 7
3811 8
510 7
676 7
511 6
3896 7
513 7
515 6
2777 8
3506 7
2093 9
1714 7
2650 7
518 6
3560 7
628 7
4258 6
1161 8
4242 8
524 0
1328 8
1563 7
803 7
1906 9
1898 7
536 6
2710 9
1545 7
1900 6
4746 8
1887 8
540 7
965 6
1085 7
720 7
4106 7
1067 8
1560 8
1885 6
1484 9
1615 7
337 8
551 7
4851 8
1341 10
553 6
4778 8
3180 7
1778 7
3768 8
554 7
555 6
4096 7
1552 7
799 8
556 6
724 7
4522 7
562 7
610 8
4485 7
3812 8
4999 7
4616 7
1333 8
1734 7
783 7
2372 7
4079 6
1172 8
1754 8
2410 7
2490 7
4774 8
4791 7
4705 7
547 9
4257 8
3407 7
4241 7
2504 7
2057 6
1396 8
584 8
585 4
4923 9
586 0
4690 6
4807 8
1140 6
588 6
4608 7
1158 7
2223 7
589 6
590 5
3191 6
593 8
3875 7
2854 8
4434 6
1334 7
4025 6
769 7
4890 7
4555 7
845 8
602 7
992 7
3044 6
2477 7
600 8
2928 7
608 7
3167 8
609 6
1679 8
4635 7
612 6
2500 7
613 6
3727 9
1288 8
4195 8
2196 7
1630 8
878 10
3616 6
4661 6
764 7
3773 7
627 8
1066 8
2982 7
3709 7
636 7
639 7
640 8
974 6
829 7
642 0
3509 7
643 7
4501 8
3024 8
1379 7
2483 7
56 9
1348 7
1962 7
2640 7
4246 6
649 7
686 7
653 7
2150 8
655 7
4059 8
1330 7
4537 7
1585 7
4314 6
2785 7
3907 7
662 7
960 8
3341 8
194 9
2638 9
672 8
673 0
2734 6
3315 7
4250 9
3003 7
990 7
4497 6
4355 7
4228 8
1256 9
4676 8
4523 8
334 9
1104 8
685 6
2701 8
1613 7
2988 8
3129 9
4051 8
3329 6
2712 6
3856 7
3672 7
3892 10
4254 7
702 8
1851 8
703 0
1064 1
2066 8
2579 8
2943 8
712 8
714 6
717 6
2401 7
718 8
4180 9
721 7
2208 6
4629 7
1494 8
728 5
2304 6
2439 7
3805 7
862 7
733 7
4407 9
3333 9
1036 7
2749 7
738 6
3889 8
1641 7
3063 6
816 7
3038 9
1250 7
3563 7
2421 7
3094 6
2359 6
3495 6
2473 7
748 6
3751 7
749 8
2952 5
3927 9
1238 10
756 0
2984 8
1472 8
2765 8
2308 10
3403 8
870 6
3426 7
2899 7
3052 8
1909 8
1402 6
765 8
1343 9
3184 8
2422 6
4394 8
4139 6
964 6
776 7
2168 6
781 7
1507 7
1572 7
3238 7
1427 5
184 9
3005 8
1706 9
1289 7
1975 7
1558 8
3488 8
1594 8
3146 7
2513 8
2297 8
1321 7
1948 8
4085 8
2534 7
4423 7
2320 6
3471 8
2992 9
3556 9
807 0
2465 4
3774 7
808 7
810 7
3429 8
2202 9
2413 10
1051 8
817 7
819 7
4499 7
4429 8
4316 6
822 8
823 6
4741 8
2866 9
1815 7
827 6
1571 7
1395 9
3639 7
4319 8
2585 6
926 7
831 7
3579 7
832 8
1186 7
837 0
2739 8
1077 7
2733 9
3839 8
1182 7
2657 8
2146 8
3803 7
846 7
4598 7
2910 6
850 7
4311 8
2505 7
4966 7
4777 8
4971 6
890 7
1780 7
1493 7
4000 8
3888 7
3605 7
4110 8
1873 9
1363 9
2598 8
3710 7
3791 7
864 7
867 7
1282 8
3460 9
1682 6
4217 8
3942 6
1705 7
3999 7
3473 7
922 7
4927 8
4148 6
4696 6
3661 5
3857 7
1752 8
3974 8
2773 9
885 6
915 6
3255 7
3801 8
2520 7
4544 8
3099 7
1106 7
4513 7
1349 7
3970 7
3722 8
900 6
2441 7
4991 7
901 7
2671 8
4810 8
1304 6
907 7
4226 8
1165 7
911 0
1612 9
4223 6
1359 7
1148 7
1414 8
3355 9
3656 8
3155 7
986 6
924 8
925 8
4068 6
2227 9
931 7
1071 6
978 6
2922 7
4750 9
2849 7
2322 6
3647 7
4896 8
2528 6
3899 6
3260 7
4404 8
2909 6
2525 8
953 8
954 6
4419 8
2314 8
3832 7
2911 7
956 7
3312 7
4084 8
959 8
963 6
1138 7
3788 5
3978 7
3417 7
968 0
3986 8
4799 8
3685 7
3037 7
4525 7
2485 8
3895 6
3792 8
2661 6
976 7
2043 8
977 0
4028 7
980 0
2542 7
2995 7
1749 7
985 7
3348 7
2642 9
3962 6
988 6
4529 7
1659 7
2817 6
4594 7
3150 7
1224 7
1872 6
2052 7
1629 7
4913 6
2674 6
4026 7
3266 6
1481 7
1551 5
4723 6
4550 9
4972 6
2869 7
4344 7
3883 8
2832 7
3702 6
1930 6
1586 6
4111 6
4082 7
4691 8
2436 7
1651 6
2729 7
1331 8
1019 8
1832 7
2563 6
4253 6
1056 7
1031 0
4812 9
1032 7
3279 7
2219 6
3298 8
4206 7
4390 8
4066 8
1047 6
3392 8
3307 6
3852 6
1307 7
1050 7
4576 8
1770 7
1059 0
1388 8
1063 6
3370 7
3185 7
1888 7
4559 8
1367 7
3384 6
4327 8
4135 7
1089 4
2240 6
1745 8
2803 5
1091 6
1095 7
3361 8
4651 8
1468 6
1119 6
1875 8
4328 7
1226 7
4210 6
1818 6
1120 7
3916 7
3214 8
4236 7
3243 7
1125 6
1127 7
1726 9
3301 6
2641 7
2497 6
2847 6
2527 6
1136 6
1141 5
4615 8
4331 6
1740 6
4982 7
1145 7
1146 6
1966 8
1149 0
3940 5
1153 7
1156 7
3018 7
1894 7
1323 7
4377 7
1168 0
3295 1
4255 7
1169 0
1664 7
1732 7
2165 8
1177 6
2198 7
3015 8
3688 8
1353 7
1183 0
2452 8
1785 9
2131 8
2519 8
3080 6
2810 6
1247 6
1399 8
1199 6
3943 6
2089 9
2794 7
1206 6
1621 8
1215 7
1216 7
1413 8
3269 7
1218 7
1219 8
4329 7
3653 8
2892 8
3719 6
1452 7
1589 7
1232 6
2606 7
1236 6
1240 7
1248 6
1253 7
1549 5
1259 8
1260 5
4610 9
3684 8
1383 8
1262 7
1267 7
1113 9
1269 0
3448 7
1270 6
3376 8
1453 6
3581 7
3712 7
4981 7
3726 7
4415 6
2151 8
3695 7
1281 6
3416 6
1290 0
2867 8
3923 6
1929 6
3140 8
2583 6
1306 7
1644 9
3362 7
1680 8
4864 8
2201 7
4514 9
1559 8
3826 7
1600 7
4177 6
3501 8
3980 7
4221 7
2012 7
1326 0
3182 8
1779 8
3936 9
3650 9
2416 7
2120 7
2037 9
1462 7
3514 8
4975 7
1970 7
1370 0
1874 7
2371 7
2887 5
1375 7
3780 8
1386 0
2010 9
1390 7
1661 6
1398 9
1401 8
4842 7
1403 6
1405 6
3968 7
3914 7
1942 7
1409 8
1411 8
1412 5
1415 6
4793 7
1425 5
4858 6
2090 8
1665 6
3396 8
4561 8
4894 8
3681 8
2624 6
2570 6
1444 7
2848 7
1562 8
4024 7
4055 8
1447 7
105 8
4698 7
2906 6
1463 7
2038 7
1466 0
2190 6
1469 5
1605 6
2970 6
2106 7
1478 6
1485 0
2284 6
4069 7
4678 6
1487 5
3845 7
1491 0
4993 8
1492 8
3771 6
3644 8
2026 8
4090 6
4637 7
1500 0
2787 6
1515 7
3610 7
1518 7
3202 6
3304 8
3959 6
1532 7
1537 6
3231 7
1538 7
1539 0
1544 7
3790 8
3859 7
3807 7
2464 6
2493 7
4798 5
1566 5
1567 6
2215 6
4986 7
2210 7
2935 7
2807 6
1582 6
4915 5
2612 7
1591 6
3596 8
1592 6
4617 7
1598 7
2334 8
1609 6
2276 5
2213 7
3273 5
3364 6
4214 7
1618 0
4776 8
3546 6
2683 6
2471 7
4665 6
4969 5
4634 5
1634 8
3467 4
2740 6
2310 7
2945 8
1640 7
1648 0
2122 7
3723 7
2974 6
1658 0
3434 7
2025 7
1662 7
2844 7
1668 0
2687 8
2547 7
4571 8
3928 7
1694 7
2296 8
3755 6
4718 7
1703 7
2759 7
3753 7
1708 6
1709 0
1713 6
3652 7
1720 6
4931 7
4352 7
2317 7
3750 8
1736 0
3378 6
4740 8
1742 7
3470 7
2779 7
3210 7
3400 7
4198 9
4808 4
2068 6
1764 8
1766 8
2947 7
2721 6
4465 7
4932 7
4520 6
1792 0
2883 8
4193 6
2804 6
4836 7
4232 7
2820 8
1826 6
4330 7
1830 7
2635 7
2451 7
2365 9
2348 7
2501 6
1839 6
4552 4
1841 0
4165 7
2123 6
1846 7
1849 6
3705 7
1854 8
1855 7
1858 6
2110 7
1865 6
2596 6
2800 7
3772 7
1891 7
3966 7
2744 5
1905 6
1907 0
4265 6
4470 7
1910 7
3105 6
1915 0
4149 6
1918 7
1920 6
3946 6
3328 6
4020 6
3090 6
1936 7
3272 6
1938 6
1944 8
4899 7
2702 6
2169 6
4990 7
3543 6
1967 8
1969 5
2719 7
3211 6
4212 7
1979 0
2555 6
1984 8
2084 9
3847 8
4303 7
2361 8
2782 7
2186 5
2000 0
3465 5
3699 7
2736 7
2021 6
2029 6
2033 7
4660 8
4008 7
4413 7
4685 6
3068 7
2533 6
4016 8
2061 6
4293 7
2070 0
2074 7
4977 7
4005 6
2087 6
4512 6
2155 6
4596 8
2115 7
2566 7
4203 6
2568 8
2134 6
2136 6
3570 7
2140 6
1461 8
2143 5
4955 7
3101 7
2825 9
2972 8
3319 6
3128 8
4603 7
2174 1
4291 7
3164 6
2192 7
3198 7
4760 6
2205 0
2231 7
2211 6
4267 5
2543 6
4335 6
2902 9
2268 8
3452 7
2395 7
2811 6
2236 6
700 9
2954 9
3189 7
2254 0
4771 7
2257 6
3483 7
2265 7
2269 1
2345 7
3237 6
2286 6
4013 7
3855 7
134 10
2306 8
4882 7
3390 7
2879 7
4380 8
2339 0
4273 7
4391 8
4441 7
2630 5
2357 0
4892 7
2958 6
4590 6
2386 7
4036 6
4151 8
2406 6
3383 6
2409 7
4717 8
4988 6
3615 7
4630 6
3887 7
2991 6
3302 6
2507 0
4183 6
2516 8
2518 6
2521 6
2522 0
3680 8
4015 6
3310 6
2562 0
4654 6
4120 6
2603 7
4757 7
4619 6
2611 5
4112 6
4645 8
4873 6
2656 6
2669 4
2684 5
3797 6
2793 7
3636 7
4879 6
2718 6
3547 7
2732 0
2738 6
4164 7
2752 6
3703 7
2755 0
2808 6
2797 0
3648 7
2801 6
3342 5
4030 10
4399 6
2880 7
2865 0
4506 7
2884 6
2888 0
2890 7
3246 5
4072 7
3402 5
2931 0
4194 6
3386 5
3418 7
2959 0
2960 5
4720 6
2962 6
4421 5
3934 5
3995 5
4507 6
3059 5
3060 8
3078 0
4521 6
3089 5
3691 6
3098 6
3288 5
3912 7
3117 0
4728 6
3252 7
3867 6
3172 7
4192 7
3192 0
3611 8
3778 9
3239 7
3793 6
3486 7
4166 6
3257 6
3431 2
3313 6
3318 0
3350 0
3380 6
3375 5
3393 0
3397 7
4056 7
4856 7
4009 5
4461 5
4058 6
3453 0
3456 0
4369 7
3557 6
3533 6
1534 9
3571 6
4883 7
3718 7
3593 6
3614 5
3646 6
3655 0
3664 6
3665 6
3667 7
3716 0
3729 0
4538 6
3055 8
3834 5
3844 0
3853 0
3863 0
3893 6
3904 5
4496 6
3922 0
3947 0
4628 6
4618 6
3983 0
3994 0
4689 5
4057 6
4083 0
4107 0
4130 0
4213 0
4247 0
4264 0
4284 0
4312 0
4341 0
4359 0
4400 0
4827 6
4425 0
4486 0
4487 0
4490 0
4491 0
4510 0
4562 0
4580 0
4704 0
4743 0
4754 0
4769 5
4770 0
4783 0
4818 0
4933 7
4844 0
4855 0
4860 0
4881 0
4897 0
